,职位编码,职位名称,所在城市,发布日期,薪资待遇(k),公司编码,公司名称,公司全称,公司规模,所在区域,最低学历,融资状态,公司类型,经度,纬度,全职/实习,工作经验,吸引条件
0,4509413,Python开发工程师,广州,2018-05-02 19:33:13,7.0,9619,擎天柱,广州市擎天柱网络科技有限公司,150-500人,天河区,本科,不需要融资,游戏,113.373871,23.123455,全职,应届毕业生,"['扁平管理', '技术实力强', '发展快前景美', '快速晋升通道']"
1,4507407,Python开发工程师,北京,2018-05-02 15:59:56,13.2,413,微车,北京步鼎方舟科技有限公司,150-500人,海淀区,本科,B轮,"移动互联网,O2O",116.296501,39.967703,全职,3-5年,[]
2,4144478,Python高级工程师,北京,2018-05-02 10:05:33,31.0,149258,中科视拓,中科视拓（北京）科技有限公司,50-150人,海淀区,本科,A轮,企业服务,0.0,0.0,全职,3-5年,"['交通补助', '午餐补助', '扁平管理', '弹性工作']"
3,4022435,Python工程师,北京,2018-05-02 15:47:15,14.0,190413,云脑科技,杭州云脑科技有限公司,15-50人,朝阳区,本科,A轮,"企业服务,数据服务",116.443108,39.92147,全职,1-3年,"['年底双薪', '股票期权', '扁平管理', '人工智能']"
4,4042527,Python开发师,上海,2018-05-02 11:53:26,21.0,22481,问卷网@爱调研,上海众言网络科技有限公司,150-500人,徐汇区,本科,B轮,移动互联网,121.42788,31.19456,全职,3-5年,"['技能培训', '节日礼物', '年底双薪', '绩效奖金']"
5,4485685,python开发工程师,北京,2018-04-26 11:20:17,21.0,61921,人人行(借贷宝),人人行科技有限公司,2000人以上,朝阳区,不限,C轮,"移动互联网,金融",39.897445,116.331398,全职,1-3年,"['年底双薪', '节日礼物', '绩效奖金', '岗位晋升']"
6,4506091,Python开发,武汉,2018-05-02 14:12:02,6.2,103299,百旺金赋,湖北百旺金赋科技有限公司,150-500人,东湖新技术开发区,本科,不需要融资,"移动互联网,其他",114.50562,30.555341,全职,1-3年,"['年底双薪', '交通补助', '带薪年假', '定期体检']"
7,3276996,python开发,广州,2018-05-02 12:08:11,13.2,6921,机智云,广州机智云物联网科技有限公司,150-500人,天河区,本科,B轮,"移动互联网,硬件",113.320617,23.162625,全职,1-3年,"['股票期权', '专项奖金', '带薪年假', '绩效奖金']"
8,4347033,Python研发工程师,北京,2018-05-03 09:30:09,29.0,7902,好巧,北京好巧国际旅行社有限公司,150-500人,朝阳区,大专,B轮,数据服务,116.406849,39.973642,全职,3-5年,"['五险一金', '弹性工作', '扁平管理', '百万医疗']"
9,4477839,Python开发工程师,上海,2018-05-02 17:59:10,9.2,42418,坤亿科技,上海坤亿信息技术有限公司,50-150人,浦东新区,本科,不需要融资,"电子商务,企业服务",0.0,0.0,全职,1-3年,"['绩效奖金', '管理规范', '五险一金', '交通补助']"
10,3960662,python开发,杭州,2018-05-03 09:21:06,14.0,16831,武汉佰钧成技术有限公司,武汉佰钧成技术有限责任公司,2000人以上,西湖区,大专,不需要融资,移动互联网,,,全职,3-5年,"['带薪年假', '计算机软件', '管理规范', '定期体检']"
11,367987,Python工程师,北京,2018-05-03 09:18:59,19.0,9955,学堂在线,北京慕华信息科技有限公司,150-500人,海淀区,本科,B轮,"移动互联网,教育",116.329468,39.993854,全职,1-3年,"['节日礼物', '股票期权', '带薪年假', '氛围轻松']"
12,3292264,Python 开发工程师,杭州,2018-05-02 10:13:24,17.0,42868,Club Factory,杭州嘉云数据科技有限公司,150-500人,西湖区,本科,C轮,"电子商务,移动互联网",120.124444,30.277356,全职,1-3年,"['海量大数据', '世界级产品', 'AI', '智能供应链']"
13,3712940,Python研发工程师,杭州,2018-05-02 15:47:08,18.2,10359,酷家乐,杭州群核信息技术有限公司,500-2000人,拱墅区,本科,D轮及以上,移动互联网,120.108647,30.293154,全职,1-3年,"['两次加薪', '弹性工作', '期权丰厚', '两次晋升']"
14,4120649,python开发工程师,上海,2018-05-03 09:20:20,16.2,23314,MXCHIP,上海庆科信息技术有限公司,150-500人,普陀区,本科,B轮,硬件,121.391865,31.258039,全职,1-3年,"['互联网风口', '物联网、高新', 'Wi-Fi', '午餐补助']"
15,4288419,Python开发工程师,北京,2018-04-25 09:32:39,21.0,61921,人人行(借贷宝),人人行科技有限公司,2000人以上,朝阳区,本科,C轮,"移动互联网,金融",116.416771,40.015961,全职,1-3年,"['年底双薪', '节日礼物', '绩效奖金', '岗位晋升']"
16,3893733,python工程师,深圳,2018-05-03 08:50:05,10.4,63500,紫川软件,深圳市紫川软件有限公司,500-2000人,福田区,本科,不需要融资,"电子商务,金融",0.0,0.0,全职,1-3年,"['节日礼物', '年底双薪', '绩效奖金', '岗位晋升']"
17,517332,Python程序员,厦门,2018-05-01 14:36:04,14.0,58426,点触科技,厦门点触科技股份有限公司,150-500人,思明区,本科,上市公司,"移动互联网,游戏",118.180282,24.491889,全职,3-5年,"['技能培训', '节日礼物', '带薪年假', '绩效奖金']"
18,4071845,Python开发工程师,北京,2018-05-02 14:08:55,26.0,168991,老虎证券,北京优虎商务服务有限公司,150-500人,朝阳区,本科,B轮,"移动互联网,金融",116.460172,39.952787,全职,1-3年,"['绩效奖金', '年底双薪', '带薪年假', '定期体检']"
19,2438996,Python开发工程师,上海,2018-05-03 09:31:50,27.0,36719,华云数据,无锡华云数据技术服务有限公司,500-2000人,杨浦区,本科,D轮及以上,"移动互联网,数据服务",121.51022031,31.30581994,全职,3-5年,"['节日礼物', '带薪年假', '扁平管理', '弹性工作']"
20,4347823,python研发工程师,北京,2018-05-02 13:57:01,34.0,98285,国美金控,国美金控投资有限公司,2000人以上,朝阳区,本科,未融资,金融,116.466458,39.959036,全职,5-10年,"['岗位晋升', '扁平管理', '五险一金', '互联网金融']"
21,4239387,python开发工程师,北京,2018-05-02 08:57:57,17.0,166854,嘉楠捷思,北京嘉楠捷思信息技术有限公司,150-500人,海淀区,本科,A轮,硬件,116.287983,40.046896,全职,3-5年,"['带薪年假', '定期体检', '领导nice', '八险一金']"
22,3462262,Python工程师,厦门,2018-05-02 18:00:07,10.8,84086,笨鸟社交,厦门笨鸟电子商务有限公司,150-500人,思明区,本科,B轮,企业服务,118.174043,24.48295,全职,3-5年,"['高新企业', '扁平管理', '五险一金', '股票期权']"
23,4454156,Python开发工程师,广州,2018-05-02 09:49:30,10.8,9619,擎天柱,广州市擎天柱网络科技有限公司,150-500人,天河区,本科,不需要融资,游戏,113.373871,23.123455,全职,3-5年,"['扁平管理', '技术实力强', '发展快前景美', '快速晋升通道']"
24,4431058,Python工程师,北京,2018-05-03 09:10:22,21.0,49870,掌控,北京掌控世代科技有限公司,15-50人,海淀区,本科,A轮,"移动互联网,电子商务",116.304229,40.045275,全职,3-5年,"['带薪年假', '定期体检', '年度旅游', '扁平管理']"
25,4032786,python开发工程师,西安,2018-05-02 10:17:04,11.4,30648,绿盟科技,北京神州绿盟信息安全科技股份有限公司,500-2000人,雁塔区,本科,上市公司,信息安全,108.86853,34.195473,全职,1-3年,"['技能培训', '节日礼物', '股票期权', '带薪年假']"
26,3972672,Python开发工程师,北京,2018-05-02 10:04:33,24.8,172285,猎户星空,北京猎户星空科技有限公司,150-500人,朝阳区,本科,A轮,"移动互联网,硬件",116.458741,39.932851,全职,3-5年,"['年度旅游', '弹性工作', '领导好', '五险一金']"
27,4179492,Python工程师,北京,2018-05-02 09:52:51,14.0,18165,新东方教育行业研究院,北京点石经纬科技有限公司,150-500人,海淀区,本科,B轮,"移动互联网,教育",116.312091,39.980906,全职,1-3年,"['五险一金', '带薪年假', '节日礼物', '年度旅游']"
28,4404813,Python开发工程师,成都,2018-05-03 09:20:10,14.0,719,顺网科技,杭州顺网科技股份有限公司,500-2000人,高新区,大专,上市公司,"游戏,文化娱乐",104.060663,30.574987,全职,3-5年,"['技能培训', '节日礼物', '年度旅游', '岗位晋升']"
29,3263789,Python工程师,北京,2018-05-03 09:03:18,21.0,22127,爱咔咔,北京爱咔咔信息技术有限公司,15-50人,海淀区,本科,A轮,"移动互联网,O2O",116.31212,40.03882,全职,3-5年,"['年底双薪', '技术控', '股票期权', '带薪年假']"
30,4311741,Python 开发工程师,北京,2018-04-25 09:32:38,35.0,61921,人人行(借贷宝),人人行科技有限公司,2000人以上,朝阳区,本科,C轮,"移动互联网,金融",116.416771,40.015961,全职,3-5年,"['年底双薪', '节日礼物', '绩效奖金', '岗位晋升']"
31,4048107,python开发工程师,西安,2018-05-02 10:17:03,8.8,30648,绿盟科技,北京神州绿盟信息安全科技股份有限公司,500-2000人,雁塔区,本科,上市公司,信息安全,108.86853,34.195473,全职,3-5年,"['技能培训', '节日礼物', '股票期权', '带薪年假']"
32,3911802,python开发工程师,上海,2018-05-03 08:50:06,14.8,63500,紫川软件,深圳市紫川软件有限公司,500-2000人,浦东新区,大专,不需要融资,"电子商务,金融",121.510117,31.231968,全职,3-5年,"['节日礼物', '年底双薪', '绩效奖金', '岗位晋升']"
33,2475715,Python研发工程师,北京,2018-05-02 14:23:48,7.0,102022,江山如画网络科技,北京江山如画网路科技有限责任公司,少于15人,海淀区,本科,天使轮,"移动互联网,社交网络",116.2605395,39.90695045,全职,1-3年,"['专项奖金', '股票期权', '绩效奖金', '岗位晋升']"
34,3205522,Python工程师,广州,2018-05-02 09:55:40,12.0,174043,颉一软件,广州杰颉软件科技有限公司,15-50人,天河区,大专,A轮,"信息安全,数据服务",113.40631,23.150285,全职,3-5年,"['股票期权', '绩效奖金', '带薪年假', '弹性工作']"
35,3490584,Python,成都,2018-05-02 09:46:34,9.6,155487,捷云智慧,成都捷云智慧科技有限公司,15-50人,高新区,本科,不需要融资,移动互联网,104.066259,30.546215,全职,1-3年,[]
36,2714158,python工程师,北京,2018-05-03 09:30:09,17.0,7902,好巧,北京好巧国际旅行社有限公司,150-500人,朝阳区,本科,B轮,数据服务,116.406849,39.973642,全职,3-5年,"['五险一金', '弹性工作', '扁平管理', '百万医疗']"
37,4470114,Python工程师,北京,2018-05-02 10:41:38,28.0,324669,星云AI,北京瀚海星云科技有限公司,15-50人,朝阳区,本科,天使轮,企业服务 数据服务,116.478773,39.989809,全职,1-3年,[]
38,3910916,Python开发,上海,2018-05-02 10:27:25,21.0,22481,问卷网@爱调研,上海众言网络科技有限公司,150-500人,徐汇区,本科,B轮,移动互联网,121.42788,31.19456,全职,3-5年,"['技能培训', '节日礼物', '年底双薪', '绩效奖金']"
39,4490687,python开发工程师,北京,2018-05-02 09:36:57,35.0,1880,快手,北京达佳互联信息技术有限公司,500-2000人,海淀区,本科,D轮及以上,移动互联网,116.316508,39.984066,全职,3-5年,"['股票期权', '弹性工作', '定期体检', '岗位晋升']"
40,4358986,python开发工程师,广州,2018-05-02 15:39:45,10.8,290905,广州楠天,广州楠天网络科技有限公司,15-50人,天河区,大专,不需要融资,移动互联网,113.398974,23.121974,全职,3-5年,[]
41,3657514,Python开发工程师,深圳,2018-05-02 18:20:44,12.4,71639,杉岩数据,深圳市杉岩数据技术有限公司,15-50人,南山区,本科,A轮,"企业服务,数据服务",113.970124,22.583821,全职,1-3年,"['股票期权', '扁平管理', '领导好', '五险一金']"
42,4508965,Python软件工程师,上海,2018-05-02 18:15:55,8.8,130300,大泰技术上海分公司,江苏大泰信息技术有限公司上海分公司,150-500人,虹口区,本科,不需要融资,金融,121.489411,31.250473,全职,不限,[]
43,4234428,Python软件工程师,宁波,2018-05-02 08:47:28,8.2,72673,宁波清车电气有限公司,宁波清车电气有限公司,15-50人,镇海区,大专,未融资,电子商务,121.568888,29.967381,全职,1-3年,"['技能培训', '年底双薪', '带薪年假', '岗位晋升']"
44,1684990,Python软件工程师,广州,2018-05-03 09:17:47,9.8,108163,英荔教育,广州英荔教育科技有限公司,15-50人,天河区,本科,不需要融资,"企业服务,教育",113.32466491,23.14153143,全职,1-3年,"['年底双薪', '午餐补助', '带薪年假', '五险一金']"
45,3684787,python研发工程师,北京,2018-05-02 18:12:17,21.0,82991,数美,北京数美时代科技有限公司,150-500人,朝阳区,硕士,B轮,"企业服务,数据服务",116.465953,40.021083,全职,1年以下,"['年底双薪', '大数据', '带薪年假', '通讯津贴']"
46,4497584,Python工程师,北京,2018-05-02 14:23:48,21.0,102022,江山如画网络科技,北京江山如画网路科技有限责任公司,少于15人,海淀区,本科,天使轮,"移动互联网,社交网络",116.260539,39.90695,全职,3-5年,"['专项奖金', '股票期权', '绩效奖金', '岗位晋升']"
47,4463214,python开发,深圳,2018-05-02 11:14:48,17.0,231754,乐友游戏,深圳市乐友网络科技有限公司,15-50人,南山区,大专,不需要融资,游戏,113.952918,22.540845,全职,1-3年,"['带薪年假', '绩效奖金', '定期体检', '五险一金']"
48,4220139,Python开发工程师,深圳,2018-05-02 09:51:08,14.0,87029,有鱼智能科技,深圳市有鱼智能科技有限公司,150-500人,福田区,本科,上市公司,"移动互联网,金融",114.04544,22.54069,全职,1-3年,"['节日礼物', '股票期权', '带薪年假', '绩效奖金']"
49,3511595,Python工程师,厦门,2018-05-03 09:39:25,14.0,165492,10com,厦门视我科技有限公司,15-50人,思明区,本科,不需要融资,"移动互联网,电子商务",118.078948,24.46038,全职,3-5年,"['年底双薪', '专项奖金', '带薪年假', '午餐补助']"
50,4035807,Python工程师,北京,2018-05-02 09:55:51,21.0,312651,摩尔妈妈,北京摩尔妈咪网络科技有限公司,15-50人,朝阳区,本科,A轮,移动互联网,116.477224,39.95602,全职,1-3年,"['年底双薪', '股票期权', '定期体检', '带薪年假']"
51,3957184,Python工程师,北京,2018-05-02 09:52:51,19.0,18165,新东方教育行业研究院,北京点石经纬科技有限公司,150-500人,海淀区,本科,B轮,"移动互联网,教育",116.312091,39.980906,全职,3-5年,"['五险一金', '带薪年假', '节日礼物', '年度旅游']"
52,4042218,python工程师,上海,2018-05-02 11:38:10,17.8,154561,MoSeeker仟寻,上海大岂网络科技有限公司,50-150人,徐汇区,本科,B轮,移动互联网,121.432455,31.19619,全职,3-5年,"['带薪年假', '定期体检', '年终分红', '节日礼物']"
53,3222466,Python开发工程师,郑州,2018-05-02 10:30:32,7.0,28890,郑州创恒实业有限公司,郑州创恒实业有限公司,150-500人,金水区,大专,未融资,移动互联网,113.702507,34.77644,全职,1-3年,"['年底双薪', '节日礼物', '技能培训', '绩效奖金']"
54,4457857,Python开发工程司,北京,2018-05-02 10:08:20,19.0,126957,北京算云联科,北京算云联科科技有限公司,150-500人,海淀区,本科,不需要融资,"移动互联网,硬件",116.308144,40.045415,全职,5-10年,"['午餐补助', '定期体检', '弹性工作', '五险一金']"
55,4439353,Python开发工程师,北京,2018-05-02 10:01:55,21.0,19083,博派通达,北京博派通达科技有限公司,50-150人,朝阳区,不限,A轮,"移动互联网,硬件",116.419895,39.976668,全职,3-5年,"['年底双薪', '股票期权', '专项奖金', '带薪年假']"
56,4147174,Python开发工程师,郑州,2018-05-02 09:46:58,8.8,78488,青松,青松智慧（北京）科技有限公司,15-50人,高新区,本科,B轮,"移动互联网,企业服务",113.566027,34.818261,全职,3-5年,"['股票期权', '带薪年假', '年度旅游', '扁平管理']"
57,3516805,python 开发工程师,上海,2018-05-02 19:38:18,14.0,93494,1Token.Trade,上海墨沐金融信息服务有限公司,15-50人,杨浦区,本科,A轮,"移动互联网,金融",121.53493,31.2714,全职,1-3年,"['不差钱', '经纬中国', '核心竞争力', '弹性工作']"
58,3980046,Python开发工程师,上海,2018-05-02 16:12:14,28.0,82635,上海华瑞银行,上海华瑞银行股份有限公司,150-500人,浦东新区,本科,不需要融资,金融,121.531673,31.216762,全职,3-5年,"['绩效奖金', '扁平管理', '领导好', '美女多']"
59,4380372,Python开发工程师,天津,2018-05-02 09:56:01,7.0,8861,妙计旅行,北京汇行科技有限公司,150-500人,滨海新区,本科,B轮,旅游,117.688816,38.995853,全职,1-3年,"['股票期权', '十四薪', '零食饮料水果', '团队氛围好']"
60,4497631,Python研发工程师,北京,2018-05-02 14:23:47,15.2,102022,江山如画网络科技,北京江山如画网路科技有限责任公司,少于15人,海淀区,本科,天使轮,"移动互联网,社交网络",116.260539,39.90695,全职,1-3年,"['专项奖金', '股票期权', '绩效奖金', '岗位晋升']"
61,4507313,Python研发工程师,北京,2018-05-02 15:51:48,14.0,52853,联宇益通,北京联宇益通科技发展有限公司,50-150人,朝阳区,本科,未融资,移动互联网,116.42381,39.9905,全职,1-3年,"['带薪年假', '绩效奖金', '岗位晋升', '扁平管理']"
62,3942529,高级Python开发,上海,2018-05-02 11:53:21,21.0,22481,问卷网@爱调研,上海众言网络科技有限公司,150-500人,徐汇区,本科,B轮,移动互联网,121.42788,31.19456,全职,3-5年,"['技能培训', '节日礼物', '年底双薪', '绩效奖金']"
63,3965246,Python开发工程师,广州,2018-05-02 11:20:19,10.8,133884,海南元游信息,海南元游信息技术有限公司广州分公司,150-500人,天河区,本科,不需要融资,游戏,113.339601,23.13488,全职,1-3年,"['年终分红', '包餐', '五险一金', '绩效奖金']"
64,4221845,Python工程师,北京,2018-05-02 09:43:17,29.0,113761,企鹅创新,企鹅创新（北京）科技有限公司,15-50人,朝阳区,本科,天使轮,"硬件,移动互联网",116.480792,39.996,全职,1-3年,[]
65,4072563,Python 工程师,北京,2018-05-02 15:41:40,21.0,59792,况客科技,况客科技(北京)有限公司,15-50人,朝阳区,本科,A轮,金融,116.44103,39.92734,全职,1-3年,"['定期体检', '午餐补助', '带薪年假', '绩效奖金']"
66,3204657,python工程师,上海,2018-05-02 13:39:58,16.8,6044,拍拍贷,上海拍拍贷金融信息服务有限公司,2000人以上,浦东新区,本科,上市公司,金融,39.897445,116.331398,全职,3-5年,"['绩效奖金', '五险一金', '带薪年假', '午餐补助']"
67,2943423,Python/Go 运维开发工程师,上海,2018-05-02 11:23:38,19.0,47956,厚本金融,上海厚本金融信息服务有限公司,2000人以上,黄浦区,本科,A轮,金融,121.478246,31.205847,全职,3-5年,"['技能培训', '年底双薪', '股票期权', '带薪年假']"
68,4411157,Python开发工程师,南京,2018-05-02 10:58:22,10.4,16831,武汉佰钧成技术有限公司,武汉佰钧成技术有限责任公司,2000人以上,建邺区,大专,不需要融资,移动互联网,118.724029,32.001584,全职,3-5年,"['带薪年假', '计算机软件', '管理规范', '定期体检']"
69,4288430,高级Python开发工程师,北京,2018-04-25 09:32:39,31.0,61921,人人行(借贷宝),人人行科技有限公司,2000人以上,朝阳区,本科,C轮,"移动互联网,金融",116.416771,40.015961,全职,3-5年,"['年底双薪', '节日礼物', '绩效奖金', '岗位晋升']"
70,4437962,Python开发工程师,北京,2018-05-03 09:33:30,26.0,3950,销售易,仁科互动（北京）信息科技有限公司,500-2000人,朝阳区,本科,D轮及以上,"移动互联网,数据服务",116.455605,39.924039,全职,5-10年,"['技能培训', '节日礼物', '年底双薪', '绩效奖金']"
71,4024602,Python开发工程师,深圳,2018-05-02 11:09:22,14.0,42050,梦享网络,广州市梦享网络技术有限公司,50-150人,南山区,大专,A轮,"移动互联网,广告营销",113.940863,22.524511,全职,3-5年,"['双休', '五险一金', '节日礼物', '股票期权']"
72,4464118,高级PHP+Python工程师,北京,2018-05-02 11:02:51,28.0,202067,优信集团,优舫（北京）信息科技有限公司,2000人以上,朝阳区,本科,D轮及以上,"电子商务,移动互联网",116.481049,39.996796,全职,5-10年,"['绩效奖金', '通讯津贴', '带薪年假', '交通补助']"
73,4506041,Python开发工程师,上海,2018-05-02 14:07:25,26.0,51480,饿了么,拉扎斯网络科技（上海）有限公司,2000人以上,普陀区,本科,D轮及以上,移动互联网,121.382395,31.232997,全职,3-5年,"['节日礼物', '绩效奖金', '年度旅游', '岗位晋升']"
74,2108656,Python开发工程师,上海,2018-05-02 10:25:12,19.0,28059,纳米盒,上海进馨网络科技有限公司,50-150人,浦东新区,本科,B轮,"移动互联网,教育",121.628188,31.209511,全职,3-5年,"['股票期权', '岗位晋升', '扁平管理', '五险一金']"
75,3935253,python开发工程师,北京,2018-05-02 14:23:47,11.2,102022,江山如画网络科技,北京江山如画网路科技有限责任公司,少于15人,海淀区,本科,天使轮,"移动互联网,社交网络",116.260539,39.90695,全职,1-3年,"['专项奖金', '股票期权', '绩效奖金', '岗位晋升']"
76,4196658,Linux C++/Python开发工程师,北京,2018-05-03 09:30:09,17.0,7902,好巧,北京好巧国际旅行社有限公司,150-500人,朝阳区,大专,B轮,数据服务,116.406849,39.973642,全职,3-5年,"['五险一金', '弹性工作', '扁平管理', '百万医疗']"
77,4254243,python工程师,北京,2018-05-02 11:19:13,21.0,36162,作业盒子,北京作业盒子科技有限公司,500-2000人,朝阳区,本科,C轮,"移动互联网,教育",116.48117,39.996968,全职,3-5年,"['技能培训', '年底双薪', '节日礼物', '年度旅游']"
78,2268991,Python,深圳,2018-05-02 10:31:45,21.0,1015,糗事百科,心灵失重（北京）科技有限公司,50-150人,南山区,本科,A轮,移动互联网,113.94416376,22.55322309,全职,3-5年,"['媲美名企高薪', '无限量零食', '五险一金', '年度旅游']"
79,4316007,Python工程师,北京,2018-05-02 09:43:16,26.0,113761,企鹅创新,企鹅创新（北京）科技有限公司,15-50人,朝阳区,本科,天使轮,"硬件,移动互联网",116.480792,39.996,全职,3-5年,[]
80,4165288,高级Python工程师,北京,2018-04-25 11:19:14,19.0,109,马蜂窝,北京蚂蜂窝网络科技有限公司,500-2000人,朝阳区,本科,D轮及以上,"移动互联网,旅游",0.0,0.0,全职,3-5年,"['弹性工作', '扁平管理', '氛围好', '年度体检']"
81,4183939,Python软件开发工程师,广州,2018-05-03 09:21:41,4.8,257650,广州玖维信息科技有限公司,广州玖维信息科技有限公司,150-500人,天河区,大专,上市公司,"移动互联网,数据服务",113.328218,23.133454,全职,1年以下,"['年底双薪', '专项奖金', '年终分红', '带薪年假']"
82,4134091,服务端高级开发工程师Golang/Python,北京,2018-05-01 23:00:19,39.0,50702,美团点评,北京三快在线科技有限公司,2000人以上,朝阳区,本科,D轮及以上,"移动互联网,O2O",116.466554,39.995147,全职,3-5年,"['技能培训', '绩效奖金', '岗位晋升', '领导好']"
83,3898453,Python开发工程师,上海,2018-05-02 11:49:36,26.0,202104,趣头条,上海基分文化传播有限公司,500-2000人,浦东新区,大专,不需要融资,移动互联网,121.624653,31.226515,全职,3-5年,"['专项奖金', '带薪年假', '弹性工作', '管理规范']"
84,4162752,Python工程师,广州,2018-05-03 09:36:16,19.0,271,有米科技,有米科技股份有限公司,500-2000人,番禺区,本科,上市公司,"移动互联网,广告营销",0.0,0.0,全职,1-3年,"['绩效奖金', '股票期权', '专项奖金', '五险一金']"
85,4279927,python开发工程师(东莞),东莞,2018-05-03 09:20:11,6.2,65521,泽林信息,深圳市泽林信息咨询有限公司,500-2000人,东莞市市辖区,大专,不需要融资,教育,113.739182,23.025818,全职,1-3年,"['节日礼物', '技能培训', '绩效奖金', '年度旅游']"
86,3234474,Python工程师,杭州,2018-05-03 09:15:29,21.0,211574,TELETRAAN,浙江天垂科技有限公司,15-50人,滨江区,本科,天使轮,"数据服务,企业服务",120.211816,30.20856,全职,3-5年,"['全新MAC', '24+显示器', '硅谷工作机会', '股票期权']"
87,4486937,Python开发工程师,深圳,2018-05-02 15:39:56,15.2,63589,华大股份,深圳华大基因股份有限公司,2000人以上,盐田区,本科,上市公司,"医疗健康,其他",113.993578,22.99368,全职,3-5年,"['年轻创新', '带薪年假', '绩效奖金', '岗位晋升']"
88,3965194,Python 开发工程师,上海,2018-05-02 12:17:35,20.0,98800,竹间智能科技(上海)有限公司,竹间智能科技（上海）有限公司,150-500人,徐汇区,本科,B轮,"移动互联网,其他",121.417459,31.175027,全职,不限,"['年底双薪', '股票期权', '带薪年假', '绩效奖金']"
89,3362415,Python开发工程师,北京,2018-05-02 11:29:22,21.0,93760,助理来也,北京来也网络科技有限公司,50-150人,海淀区,本科,B轮,移动互联网,116.325472,39.984253,全职,1-3年,"['绩效奖金', '扁平管理', '领导好', '五险一金']"
90,4291518,量化平台研发工程师-python,广州,2018-05-02 13:30:33,16.8,310815,经传多赢,广州经传多赢投资咨询有限公司,2000人以上,番禺区,本科,不需要融资,"移动互联网,金融",0.0,0.0,全职,3-5年,"['绩效奖金', '年度旅游', '扁平管理', '技能培训']"
91,4464846,Python高级工程师,北京,2018-05-02 10:39:41,24.0,22596,MICO,北京米可世界科技有限公司,50-150人,朝阳区,本科,A轮,移动互联网,116.460422,39.961372,全职,5-10年,"['股票期权', '年度旅游', '移动社交', '五险一金']"
92,3684375,Python开发工程师,北京,2018-05-03 09:24:32,28.0,16869,朗播网,北京博智天下信息技术有限公司,150-500人,海淀区,本科,B轮,教育,116.31287,40.03445,全职,5-10年,"['扁平管理', '定期体检', '股票期权', '团建活动']"
93,4076348,Python开发工程师-base北京,北京,2018-05-02 09:55:34,14.4,14983,游族网络,上海游族信息技术有限公司,500-2000人,东城区,不限,上市公司,"移动互联网,游戏",39.897445,116.331398,全职,3-5年,"['五险一金', '岗位晋升', '弹性工作', '扁平管理']"
94,3883985,Python工程师,苏州,2018-04-28 11:39:16,8.4,22481,问卷网@爱调研,上海众言网络科技有限公司,150-500人,工业园区,本科,B轮,移动互联网,120.732665,31.264799,全职,应届毕业生,"['技能培训', '节日礼物', '年底双薪', '绩效奖金']"
95,4509734,python,贵阳,2018-05-02 21:39:01,5.2,371286,北京星润协力,北京星润协力广告有限公司,少于15人,花溪区,不限,未融资,信息安全 电子商务,106.711566,26.521871,全职,不限,"['""""']"
96,4509647,python开发工程师,北京,2018-05-02 20:56:17,12.0,319354,老关和他的朋友们,北京老关和他的朋友们文化科技有限公司,15-50人,丰台区,本科,未融资,"移动互联网,金融",116.298938,39.828923,全职,3-5年,"['""""']"
97,3961591,Python开发工程师,北京,2018-05-02 16:36:48,21.0,137505,复华控股,北京复华卓越商业管理有限公司,2000人以上,朝阳区,大专,不需要融资,"电子商务,O2O",115.994034,39.993442,全职,5-10年,"['通讯津贴', '午餐补助', '美女多', '领导好']"
98,4332899,Python 开发工程师,广州,2018-05-02 13:37:57,14.0,146739,广州丰申网络科技有限公司,广州市丰申网络科技有限公司,50-150人,天河区,本科,A轮,"移动互联网,电子商务",113.316395,23.124703,全职,3-5年,"['超长春节假期', '杠杠滴13薪', '健身房不要钱', '地铁公交狠近']"
99,4467078,Python 开发工程师,深圳,2018-05-02 11:43:07,21.0,60841,羚羊极速,深圳羚羊极速科技有限公司,50-150人,南山区,本科,A轮,移动互联网,113.936046,22.524411,全职,3-5年,"['节日礼物', '绩效奖金', '岗位晋升', '定期体检']"
100,2022151,Python开发,深圳,2018-05-01 22:52:28,26.0,129877,航仕科技,上海航仕企业管理有限公司,150-500人,南山区,本科,C轮,"移动互联网,O2O",113.94416376,22.55322309,全职,3-5年,"['年底双薪', '午餐补助', '专项奖金', '绩效奖金']"
101,4207347,高级Python工程师,北京,2018-05-02 12:24:52,29.0,21408,tataUFO,北京朗势科技有限公司,50-150人,海淀区,本科,B轮,"移动互联网,社交网络",116.338758,39.999491,全职,3-5年,"['股票期权', '五险一金', '带薪年假', '节日礼物']"
102,4398177,Python开发工程师,北京,2018-05-02 09:32:03,35.0,29795,罗辑思维,北京思维造物信息科技有限公司,150-500人,朝阳区,本科,B轮,"移动互联网,文化娱乐",115.99339,39.99426,全职,3-5年,"['专项奖金', '扁平管理', '帅哥多', '领导好']"
103,3910014,Python工程师,深圳,2018-05-02 09:26:38,14.0,56,卖座网,深圳市华宇讯科技有限公司,500-2000人,南山区,本科,B轮,"移动互联网,电子商务",113.9422,22.54878,全职,3-5年,"['技能培训', '股票期权', '五险一金', '弹性工作']"
104,4353928,Python程序员,厦门,2018-04-23 11:20:11,10.8,46629,金诚集团,浙江诚泽金开投资管理有限公司,2000人以上,集美区,本科,上市公司,金融,118.063429,24.59279,全职,3-5年,"['技能培训', '节日礼物', '带薪年假', '年度旅游']"
105,4203803,Python开发工程师,苏州,2018-04-23 09:17:29,15.2,155938,苏州锦佰安,苏州锦佰安信息技术有限公司,15-50人,工业园区,本科,天使轮,信息安全,120.733523,31.254644,全职,3-5年,"['股票期权', '弹性工作', '带薪年假', '绩效奖金']"
106,4010374,PYTHON高级开发工程师,深圳,2018-05-03 08:47:12,20.8,69152,博奥特科技,深圳市博奥特科技有限公司,150-500人,罗湖区,不限,未融资,"移动互联网,金融",0.0,0.0,全职,3-5年,"['绩效奖金', '领导好', '帅哥多', '美女多']"
107,907162,Python开发工程师,深圳,2018-05-02 13:56:43,21.0,917,极光,深圳市和讯华谷信息技术有限公司,150-500人,南山区,本科,D轮及以上,"移动互联网,数据服务",113.907458,22.550007,全职,不限,"['五险一金', '文体活动', '团建旅游', '美味晚餐']"
108,3759498,python工程师,深圳,2018-05-02 10:38:45,21.0,124262,Minieye,深圳佑驾创新科技有限公司,50-150人,南山区,本科,A轮,"硬件,其他",113.952408,22.536121,全职,1-3年,"['无人驾驶', '国际标准', '车厂合作', '海归团队']"
109,3762683,Python研发工程师,北京,2018-05-02 18:24:38,35.0,534,京东金融,京东金融,2000人以上,大兴区,本科,上市公司,金融,116.52117756,39.82198934,全职,5-10年,"['供应链金融', '消费金融', '众筹业务', '支付业务']"
110,4287723,python工程师,成都,2018-05-02 14:10:58,14.0,245889,网信集团,网信集团有限公司,2000人以上,高新区,本科,不需要融资,"移动互联网,金融",104.069932,30.585314,全职,3-5年,"['股票期权', '午餐补助', '定期体检', '带薪年假']"
111,4249621,Python工程师,成都,2018-05-02 10:30:08,13.2,53,聚美优品,北京创锐文化传媒有限公司,2000人以上,高新区,本科,上市公司,电子商务,104.054545,30.538667,全职,3-5年,"['技能培训', '节日礼物', '季度奖金', '岗位晋升']"
112,4488901,资深后端开发工程师-Python,上海,2018-05-02 09:41:21,28.0,7030,触宝,上海触乐信息科技有限公司,150-500人,徐汇区,本科,D轮及以上,"移动互联网,数据服务",121.393969,31.172406,全职,3-5年,"['管理扁平', '发展空间大', '行业独角兽', '带薪年假病假']"
113,3411754,python开发工程师,深圳,2018-05-03 09:25:46,14.0,128998,江苏亿科达,上海海万信息科技股份有限公司,500-2000人,福田区,大专,不需要融资,"移动互联网,金融",114.053855,22.535702,全职,3-5年,[]
114,4182315,Python开发工程师,广州,2018-05-03 09:21:41,4.8,257650,广州玖维信息科技有限公司,广州玖维信息科技有限公司,150-500人,天河区,大专,上市公司,"移动互联网,数据服务",113.328218,23.133454,全职,1年以下,"['年底双薪', '专项奖金', '年终分红', '带薪年假']"
115,4050575,资深python开发工程师,上海,2018-05-02 19:38:18,29.0,93494,1Token.Trade,上海墨沐金融信息服务有限公司,15-50人,杨浦区,本科,A轮,"移动互联网,金融",121.53493,31.2714,全职,3-5年,"['不差钱', '经纬中国', '核心竞争力', '弹性工作']"
116,4076500,python工程师,成都,2018-05-02 19:30:02,10.8,95229,四川长虹电器股份有限公司,四川长虹电器股份有限公司,2000人以上,高新区,本科,上市公司,硬件,104.063426,30.541304,全职,3-5年,"['绩效奖金', '管理规范', '定期体检', '五险一金']"
117,4053156,高级python研发工程师,成都,2018-05-02 17:38:24,17.0,54687,路行通,成都路行通信息技术有限公司,500-2000人,高新区,本科,不需要融资,"移动互联网,生活服务",104.068512,30.552364,全职,5-10年,"['年度旅游', '岗位晋升', '帅哥多', '五险一金']"
118,4506827,python开发工程师,深圳,2018-05-02 15:14:31,10.8,64327,八爪鱼,深圳视界信息技术有限公司,50-150人,南山区,本科,B轮,数据服务,113.940008,22.540521,全职,3-5年,"['股票期权', '绩效奖金', '五险一金', '带薪年假']"
119,4301480,Python,成都,2018-04-28 16:38:26,8.8,155487,捷云智慧,成都捷云智慧科技有限公司,15-50人,高新区,本科,不需要融资,移动互联网,104.067822,30.546578,全职,1-3年,[]
120,4053129,中级python研发工程师,成都,2018-05-02 17:37:59,10.8,54687,路行通,成都路行通信息技术有限公司,500-2000人,高新区,本科,不需要融资,"移动互联网,生活服务",104.068512,30.552364,全职,3-5年,"['年度旅游', '岗位晋升', '帅哥多', '五险一金']"
121,3177447,python开发工程师,北京,2018-04-28 11:06:34,21.0,46399,会分期,会找房（北京）网络技术有限公司,150-500人,海淀区,本科,C轮,移动互联网、金融,116.301362,40.054996,全职,3-5年,"['节日礼物', '股票期权', '带薪年假', '年度旅游']"
122,4487544,python开发工程师,北京,2018-04-27 15:32:01,24.0,141803,高思教育集团,北京高思博乐教育科技股份有限公司,2000人以上,海淀区,本科,上市公司,"教育,移动互联网",116.341135,39.987041,全职,3-5年,"['绩效奖金', '带薪年假', '专项奖金', '六险一金']"
123,4326884,python,上海,2018-05-02 16:43:39,28.0,193357,车置宝,江苏车置宝信息科技股份有限公司,500-2000人,黄浦区,本科,C轮,"电子商务,移动互联网",121.484443,31.231763,全职,3-5年,[]
124,3387145,Python开发工程师,杭州,2018-05-03 08:50:06,15.4,16831,武汉佰钧成技术有限公司,武汉佰钧成技术有限责任公司,2000人以上,西湖区,大专,不需要融资,移动互联网,,,全职,1-3年,"['带薪年假', '计算机软件', '管理规范', '定期体检']"
125,4241003,Python开发工程师,上海,2018-05-02 18:55:20,21.0,202104,趣头条,上海基分文化传播有限公司,500-2000人,浦东新区,本科,不需要融资,移动互联网,121.624653,31.226515,全职,5-10年,"['专项奖金', '带薪年假', '弹性工作', '管理规范']"
126,4313625,资深python开发工程师,上海,2018-05-02 09:55:39,19.0,14983,游族网络,上海游族信息技术有限公司,500-2000人,徐汇区,不限,上市公司,"移动互联网,游戏",39.897445,116.331398,全职,3-5年,"['五险一金', '岗位晋升', '弹性工作', '扁平管理']"
127,4488004,Go/Python开发工程师,深圳,2018-05-02 09:30:32,35.0,212786,锚链科技,深圳锚链科技有限公司,50-150人,南山区,本科,不需要融资,"移动互联网,数据服务",113.940851,22.509672,全职,3-5年,"['带薪年假', '年底双薪', '弹性工作', '年度旅游']"
128,4254580,Python开发工程师,上海,2018-05-01 23:21:50,21.0,93760,助理来也,北京来也网络科技有限公司,50-150人,徐汇区,本科,B轮,移动互联网,121.436525,31.188523,全职,1-3年,"['绩效奖金', '扁平管理', '领导好', '五险一金']"
129,1198581,Python开发工程师,杭州,2018-05-02 12:13:33,15.4,83552,沃趣科技,杭州沃趣科技股份有限公司,50-150人,,本科,上市公司,"企业服务,数据服务",,,全职,3-5年,"['股票期权', '带薪年假', '绩效奖金', '年度旅游']"
130,4076440,python开发工程师,北京,2018-05-02 10:05:14,26.4,81107,一亩田,北京一人一亩田网络科技有限公司,150-500人,海淀区,本科,C轮,"移动互联网,电子商务",116.351057,39.977249,全职,3-5年,"['节日礼物', '年底双薪', '专项奖金', '股票期权']"
131,4507589,Python开发,杭州,2018-05-02 16:15:39,14.0,234494,同花顺云,浙江同花顺云软件有限公司,2000人以上,余杭区,本科,上市公司,"移动互联网,金融",120.045424,30.291923,全职,1-3年,[]
132,4147727,Python开发工程师,深圳,2018-05-02 09:42:12,14.0,158669,行云智能,行云智能（深圳）技术有限公司,15-50人,南山区,本科,天使轮,"移动互联网,硬件",113.922225,22.534201,全职,1-3年,"['年终分红', '绩效奖金', '专项奖金', '带薪年假']"
133,3849648,Python 开发工程师,成都,2018-04-28 15:20:53,10.8,57400,NEXA,昊盈信息技术（成都）有限公司,150-500人,锦江区,大专,不需要融资,"移动互联网,游戏",104.080556,30.65437,全职,3-5年,"['年底双薪', '节日礼物', '技能培训', '绩效奖金']"
134,4266883,Python 开发工程师,北京,2018-04-27 10:22:32,15.8,25317,金证股份,深圳市金证科技股份有限公司,2000人以上,西城区,本科,上市公司,金融,0.0,0.0,全职,3-5年,"['激情的团队', '股票期权', '努力变大牛', '有舞台给您跳']"
135,4435467,python开发工程师,上海,2018-05-02 11:39:11,21.0,202104,趣头条,上海基分文化传播有限公司,500-2000人,浦东新区,本科,不需要融资,移动互联网,121.624653,31.226515,全职,3-5年,"['专项奖金', '带薪年假', '弹性工作', '管理规范']"
136,2974823,Python 开发工程师,广州,2018-05-03 09:14:29,11.2,169002,修炼,广东修炼科技股份有限公司,50-150人,天河区,大专,不需要融资,移动互联网,113.33759,23.127164,全职,1-3年,"['股票期权', '弹性工作', '美女多', '扁平管理']"
137,3106720,系统开发工程师（Python）,北京,2018-05-02 21:00:19,24.0,9955,学堂在线,北京慕华信息科技有限公司,150-500人,海淀区,本科,B轮,"移动互联网,教育",116.329427,39.99412,全职,5-10年,"['节日礼物', '股票期权', '带薪年假', '氛围轻松']"
138,4179001,python开发工程师,深圳,2018-05-02 15:37:37,14.4,16177,掌贝（云移科技）,广州云移信息科技有限公司,500-2000人,福田区,大专,B轮,"移动互联网,O2O",114.02831138,22.53280362,全职,3-5年,"['股票期权', '岗位晋升', '扁平管理', '领导好']"
139,4304805,Python开发工程师,广州,2018-05-02 15:15:21,10.8,143692,稻禾科技,广州稻禾信息科技有限公司,15-50人,番禺区,大专,不需要融资,"企业服务,移动互联网",113.321076,23.016253,全职,1-3年,"['弹性工作', '领导好', '技能培训', '五险一金']"
140,3390706,Python中级工程师,廊坊,2018-05-02 11:15:33,8.8,111175,ZingFront智线,智线云科技（北京）有限公司,50-150人,广阳区,本科,A轮,"移动互联网,数据服务",0.0,0.0,全职,1-3年,"['绩效奖金', '股票期权', '带薪年假', '弹性工作']"
141,4052835,Python工程师,北京,2018-05-02 09:22:47,18.2,181493,开拓天际,北京开拓天际科技有限公司,50-150人,海淀区,本科,A轮,"数据服务,信息安全",116.353207,39.977309,全职,3-5年,"['年底双薪', '股票期权', '年终分红', '节日礼物']"
142,3178128,Python开发工程师,北京,2018-04-27 19:25:32,28.0,107423,瓜子二手车直卖网,车好多旧机动车经纪(北京)有限公司,2000人以上,海淀区,本科,C轮,O2O,116.29845,40.04261006,全职,3-5年,"['带薪年假', '弹性工作', '免费班车', '美女多']"
143,4327414,python工程师,北京,2018-04-26 13:54:53,28.0,165649,混沌大学,混沌时代（北京）教育科技有限公司,150-500人,海淀区,本科,不需要融资,"移动互联网,教育",116.33356,39.971488,全职,3-5年,"['弹性工作', '扁平管理', '领导好', '五险一金']"
144,4038521,Python工程师,杭州,2018-04-12 09:00:01,12.6,26248,丁香园,观澜网络（杭州）有限公司,500-2000人,滨江区,不限,D轮及以上,"医疗健康,企业服务",0.0,0.0,全职,1-3年,"['扁平管理', '弹性工作', '期权']"
145,3626993,python工程师,大连,2018-04-28 10:35:08,8.4,128888,推想科技,北京推想科技有限公司,50-150人,中山区,大专,B轮,"医疗健康,数据服务",0.0,0.0,全职,1年以下,"['午餐补助', '股票期权', '定期体检', '弹性工作']"
146,4112320,python工程师,上海,2018-04-26 16:15:11,19.0,1403,爱回收,上海悦易网络信息技术有限公司,500-2000人,杨浦区,本科,D轮及以上,"电子商务,O2O",121.99341,30.994275,全职,3-5年,"['节日礼物', '股票期权', '专项奖金', '带薪年假']"
147,4182295,Python 研发工程师,武汉,2018-05-02 16:59:17,16.8,31164,青云,北京优帆科技有限公司,150-500人,洪山区,本科,D轮及以上,数据服务,0.0,0.0,全职,1-3年,"['技能培训', '股票期权', '带薪年假', '绩效奖金']"
148,4017708,高级Python开发工程师,北京,2018-05-02 14:13:16,35.0,1561,Face++,北京旷视科技有限公司,500-2000人,海淀区,本科,C轮,"移动互联网,硬件",116.325436,39.984273,全职,3-5年,"['科技大牛公司', '自助三餐', '年终多薪', '超长带薪假期']"
149,2696329,Python高级开发工程师,北京,2018-05-02 10:35:32,24.0,413,微车,北京步鼎方舟科技有限公司,150-500人,海淀区,本科,B轮,"移动互联网,O2O",116.29650099,39.96770307,全职,3-5年,[]
150,3167076,Python开发工程师,北京,2018-05-02 21:00:18,24.0,9955,学堂在线,北京慕华信息科技有限公司,150-500人,海淀区,本科,B轮,"移动互联网,教育",116.329427,39.99412,全职,3-5年,"['节日礼物', '股票期权', '带薪年假', '氛围轻松']"
151,3801911,Python开发工程师,北京,2018-05-02 10:22:57,21.0,4128,知乎,北京智者天下科技有限公司,500-2000人,海淀区,本科,D轮及以上,"移动互联网,社交网络",116.350094,40.007985,全职,3-5年,"['年底双薪', '股票期权', '带薪年假', '定期体检']"
152,2879999,Python开发工程师,北京,2018-04-28 11:46:07,28.0,6996,智融集团,北京智融时代科技有限公司,150-500人,海淀区,本科,C轮,金融,116.344462,39.976877,全职,3-5年,"['股票期权', '绩效奖金', '五险一金', '带薪年假']"
153,2889252,Python开发工程师,深圳,2018-05-02 10:48:49,21.0,8350,万科物业,万科物业发展有限公司,2000人以上,福田区,本科,不需要融资,"O2O,生活服务",114.062189,22.567856,全职,3-5年,"['社区o2o', '原始股权', '弹性工作制', '互联网+']"
154,4504465,PYTHON技术开发工程师,济南,2018-05-02 10:46:03,7.2,193671,山东广电信通,山东广电信通网络运营有限公司,150-500人,历下区,本科,不需要融资,"信息安全,移动互联网",117.022832,36.649212,全职,1-3年,"['山东广电', '新闻直播']"
155,4467387,Python开发工程师,北京,2018-04-27 10:15:19,28.0,168991,老虎证券,北京优虎商务服务有限公司,150-500人,朝阳区,本科,B轮,"移动互联网,金融",116.460172,39.952787,全职,1-3年,"['绩效奖金', '年底双薪', '带薪年假', '定期体检']"
156,4390952,Python开发攻城狮,北京,2018-04-26 21:51:25,28.0,26782,探探,探探科技（北京）有限公司,150-500人,朝阳区,本科,D轮及以上,"移动互联网,社交网络",116.452795,39.913806,全职,不限,"['股票期权', '带薪年假', '岗位晋升', '扁平管理']"
157,4184777,Python工程师,广州,2018-05-03 08:23:28,3.8,257650,广州玖维信息科技有限公司,广州玖维信息科技有限公司,150-500人,海珠区,大专,上市公司,"移动互联网,数据服务",113.322983,23.096894,全职,1年以下,"['年底双薪', '专项奖金', '年终分红', '带薪年假']"
158,3119907,技术工程部-python开发工程师,北京,2018-05-02 17:13:50,28.0,1537,搜狗,北京搜狗科技发展有限公司,2000人以上,海淀区,本科,上市公司,"移动互联网,数据服务",116.33254,39.99366006,全职,3-5年,"['岗位晋升', '扁平管理', '管理规范', '精英团队']"
159,4392886,python开发,深圳,2018-05-02 10:36:38,14.0,16831,武汉佰钧成技术有限公司,武汉佰钧成技术有限责任公司,2000人以上,龙华新区,大专,不需要融资,移动互联网,0.0,0.0,全职,3-5年,"['带薪年假', '计算机软件', '管理规范', '定期体检']"
160,3470527,Python开发工程师,上海,2018-05-02 10:34:28,19.0,22897,信用飞/首付游,上海晓途网络科技有限公司,50-150人,徐汇区,本科,B轮,移动互联网,121.410383,31.171398,全职,1-3年,"['节日礼物', '带薪年假', '岗位晋升', '年度旅游']"
161,4120372,高级Python开发工程师,深圳,2018-05-02 10:18:49,18.4,5580,明源云,深圳市明源云客电子商务有限公司,2000人以上,南山区,本科,上市公司,"移动互联网,企业服务",113.95257048,22.53789999,全职,3-5年,"['高额六险一金', '年底双薪', '绩效奖金', 'N项经费']"
162,3428217,Python高级开发工程师,深圳,2018-05-02 14:59:07,20.8,7918,乐格信息,乐格商业咨询（深圳）有限公司,150-500人,福田区,本科,A轮,"企业服务,数据服务",114.024849,22.531516,全职,3-5年,"['节日礼物', '技能培训', '职业发展预期', '岗位晋升']"
163,3972464,高级python开发工程师,深圳,2018-05-02 10:46:00,17.0,3038,Gridsum 国双,北京国双科技有限公司,500-2000人,福田区,本科,上市公司,"数据服务,企业服务",114.068588,22.543462,全职,3-5年,"['年度旅游', '节日礼物', '年底双薪', '带薪年假']"
164,4397575,Python研发工程师,北京,2018-04-27 20:29:18,19.0,21643,融360,北京融联世纪信息技术有限公司,500-2000人,海淀区,本科,D轮及以上,"移动互联网,金融",116.312978,39.979691,全职,1-3年,"['股票期权', '专项奖金', '通讯津贴', '带薪年假']"
165,3172330,python开发工程师,深圳,2018-05-01 22:49:02,12.8,16831,武汉佰钧成技术有限公司,武汉佰钧成技术有限责任公司,2000人以上,南山区,大专,不需要融资,移动互联网,113.940213,22.524499,全职,3-5年,"['带薪年假', '计算机软件', '管理规范', '定期体检']"
166,3889355,python开发工程师,北京,2018-05-02 17:11:03,28.0,212939,一览科技,北京一览科技有限公司,150-500人,朝阳区,本科,B轮,"移动互联网,文化娱乐",116.465903,40.020713,全职,3-5年,"['股票期权', '弹性工作', '领导好', '扁平管理']"
167,1164633,Python开发工程师,上海,2018-05-02 15:59:12,14.0,5330,齐家网,上海齐家网信息科技股份有限公司,2000人以上,嘉定区,不限,D轮及以上,"O2O ,生活服务",121.35563608,31.24200684,全职,1-3年,"['午餐补助', '带薪年假', '绩效奖金', '交通补助']"
168,3390159,Python中级工程师,北京,2018-05-02 11:15:33,18.6,111175,ZingFront智线,智线云科技（北京）有限公司,50-150人,朝阳区,本科,A轮,"移动互联网,数据服务",116.472483,39.93868,全职,3-5年,"['绩效奖金', '股票期权', '带薪年假', '弹性工作']"
169,4028561,Python研发工程师,北京,2018-05-02 09:56:20,21.0,98070,诚信互通,上海诚信互通网络信息科技有限公司,150-500人,海淀区,大专,A轮,"移动互联网,企业服务",116.30899,39.981654,全职,3-5年,"['年底双薪', '股票期权', '带薪年假', '绩效奖金']"
170,761479,Python开发工程师,深圳,2018-05-01 20:16:50,17.8,73354,易博天下,深圳市易博天下科技有限公司,150-500人,南山区,大专,上市公司,"移动互联网,O2O",113.940105,22.523096,全职,1-3年,"['年底双薪', '股票期权', '带薪年假', '创业公司范儿']"
171,3920817,Python,苏州,2018-04-28 11:39:25,8.4,22481,问卷网@爱调研,上海众言网络科技有限公司,150-500人,工业园区,本科,B轮,移动互联网,120.732665,31.264799,全职,1-3年,"['技能培训', '节日礼物', '年底双薪', '绩效奖金']"
172,4226259,Python工程师,北京,2018-04-27 14:58:33,14.0,80093,云游九州,北京云游九州空间科技有限公司,15-50人,海淀区,硕士,天使轮,数据服务、企业服务,116.35319,40.016308,全职,1-3年,"['股票期权', '专项奖金', '带薪年假', '定期体检']"
173,4440306,python,上海,2018-05-03 09:26:50,19.0,205106,清鹤科技,上海清鹤科技股份有限公司,150-500人,浦东新区,本科,上市公司,移动互联网,121.62628,31.212739,全职,3-5年,"['专项奖金', '绩效奖金', '股票期权', '午餐补助']"
174,4186551,Python工程师,北京,2018-05-02 14:17:09,24.8,23039,好大夫在线,互动峰科技(北京)有限公司,500-2000人,朝阳区,本科,D轮及以上,医疗健康,116.50986,39.9118,全职,不限,"['五险一金', '带薪年假', '绩效奖金', '专项奖金']"
175,2795142,高级/资深 python开发工程师,杭州,2018-05-02 10:13:24,24.0,42868,Club Factory,杭州嘉云数据科技有限公司,150-500人,西湖区,本科,C轮,"电子商务,移动互联网",120.124444,30.277356,全职,3-5年,"['海量大数据', '世界级产品', 'AI', '智能供应链']"
176,4314985,Python开发工程师,深圳,2018-05-02 09:51:32,14.0,86758,青石证券,青石经济信息咨询（深圳）有限公司,50-150人,南山区,本科,不需要融资,"移动互联网,金融",113.939444,22.522611,全职,1-3年,"['风口项目', '互联网金融', '海外综合券商', '市场蓝海']"
177,2554262,Python,宁波,2018-05-02 09:20:01,12.0,33459,新希望软件,宁波新希望信息技术有限公司,50-150人,江北区,本科,未融资,"企业服务,生活服务",121.56865,29.89842996,全职,3-5年,"['技能培训', '年底双薪', '专项奖金', '带薪年假']"
178,3193977,Python,上海,2018-04-25 16:12:46,21.0,84388,亿可能源,亿可能源科技（上海）有限公司,15-50人,杨浦区,本科,A轮,"移动互联网,数据服务",121.506859,31.308204,全职,3-5年,"['技能培训', '带薪年假', '绩效奖金', '岗位晋升']"
179,3899616,Python开发工程师,北京,2018-04-24 14:40:34,11.2,51295,数盟网络,北京数字联盟网络科技有限公司,50-150人,海淀区,本科,B轮,"移动互联网,企业服务",116.348748,39.975866,全职,不限,"['股票期权', '绩效奖金', '岗位晋升', '带薪假期']"
180,3388937,Python中级工程师,廊坊,2018-05-02 11:15:34,10.8,111175,ZingFront智线,智线云科技（北京）有限公司,50-150人,广阳区,本科,A轮,"移动互联网,数据服务",116.733444,39.529054,全职,1-3年,"['绩效奖金', '股票期权', '带薪年假', '弹性工作']"
181,4060662,python工程师,上海,2018-05-02 10:47:18,10.8,128998,江苏亿科达,上海海万信息科技股份有限公司,500-2000人,浦东新区,大专,不需要融资,"移动互联网,金融",121.531974,31.224473,全职,1-3年,[]
182,4354723,Python开发工程师,上海,2018-05-02 08:54:09,35.0,283911,TravelFlan上海,深圳市前海自乐游旅游科技有限公司,50-150人,杨浦区,本科,A轮,"移动互联网,旅游",121.506825,31.303482,全职,3-5年,"['领导好', '扁平管理', 'AI', '人工智能']"
183,4211437,Python开发工程师(193),上海,2018-05-01 23:21:50,21.0,93760,助理来也,北京来也网络科技有限公司,50-150人,徐汇区,不限,B轮,移动互联网,31.201985,121.43895,全职,不限,"['绩效奖金', '扁平管理', '领导好', '五险一金']"
184,4479431,Python开发工程师（公有云）,北京,2018-04-28 11:53:51,24.0,53137,家园网,家园网络科技有限公司,2000人以上,东城区,本科,不需要融资,O2O,115.99339,39.99426,全职,3-5年,"['节日礼物', '带薪年假', '绩效奖金', '管理规范']"
185,4054414,Python开发工程师,西安,2018-04-25 15:09:30,14.0,144191,BOO!,西安逆袭网络科技有限公司,50-150人,雁塔区,本科,A轮,"移动互联网,社交网络",108.880936,34.22484,全职,3-5年,"['扁平化管理', '弹性工作制', '健身福利', '设备补助']"
186,3813726,Python开发工程师,深圳,2018-04-25 11:12:33,15.2,267905,上海炽聚,上海炽聚网络科技有限公司,50-150人,南山区,本科,A轮,"电子商务,企业服务",113.906419,22.49691,全职,1-3年,"['绩效奖金', '交通补助', '带薪年假', '定期体检']"
187,2848943,python开发工程师,上海,2018-04-23 09:39:07,12.0,14093,瞬联软件科技（北京）有限公司,瞬联软件科技（北京）有限公司,500-2000人,长宁区,本科,不需要融资,"移动互联网 ,企业服务",121.361104,31.213942,全职,不限,"['高薪', '节日礼物', '弹性工作', '带薪年假']"
188,4339040,Python开发工程师,广州,2018-05-03 09:25:26,4.8,257650,广州玖维信息科技有限公司,广州玖维信息科技有限公司,150-500人,天河区,大专,上市公司,"移动互联网,数据服务",113.346731,23.148056,全职,1年以下,"['年底双薪', '专项奖金', '年终分红', '带薪年假']"
189,4188782,Python开发工程师,杭州,2018-05-03 09:22:49,11.0,16831,武汉佰钧成技术有限公司,武汉佰钧成技术有限责任公司,2000人以上,余杭区,大专,不需要融资,移动互联网,120.017969,30.280435,全职,1-3年,"['带薪年假', '计算机软件', '管理规范', '定期体检']"
190,3781798,中级PYTHON开发工程师,深圳,2018-05-03 08:47:13,23.2,69152,博奥特科技,深圳市博奥特科技有限公司,150-500人,福田区,大专,未融资,"移动互联网,金融",114.082005,22.542374,全职,5-10年,"['绩效奖金', '领导好', '帅哥多', '美女多']"
191,4369077,Python/web开发工程师,北京,2018-05-02 15:04:59,14.0,35946,闪送,北京闪送科技有限公司,150-500人,海淀区,本科,C轮,移动互联网,0.0,0.0,全职,3-5年,"['股票期权', '岗位晋升', '五险一金', '高速成长']"
192,4502957,爬虫-高级工程师(PYTHON),上海,2018-05-02 10:37:03,17.0,936,上海极值信息技术有限公司,上海极值信息技术有限公司,15-50人,浦东新区,大专,B轮,移动互联网,121.605054,31.179481,全职,3-5年,"['年假+++', 'Bonus+', 'JZ颜值爆表', '惊喜+礼物']"
193,3727987,Python开发工程师,深圳,2018-05-02 10:13:58,16.4,3956,盖威,深圳市盖威科技有限公司,150-500人,南山区,本科,不需要融资,金融,113.9422,22.54878,全职,3-5年,"['绩效奖金', '五险一金', '交通补助', '带薪年假']"
194,4475183,Python开发工程师601156,北京,2018-04-24 17:22:57,24.0,82069,思源科技,北京思源置地投资有限公司,2000人以上,朝阳区,本科,不需要融资,"移动互联网,社交网络",116.458141,39.996441,全职,3-5年,"['股票期权', '带薪年假', '绩效奖金', '岗位晋升']"
195,4209682,Python开发工程师,苏州,2018-04-23 09:17:29,15.2,155938,苏州锦佰安,苏州锦佰安信息技术有限公司,15-50人,工业园区,本科,天使轮,信息安全,0.0,0.0,全职,3-5年,"['股票期权', '弹性工作', '带薪年假', '绩效奖金']"
196,3374298,python开发工程师,杭州,2018-04-18 10:11:00,14.6,16831,武汉佰钧成技术有限公司,武汉佰钧成技术有限责任公司,2000人以上,余杭区,大专,不需要融资,移动互联网,120.017969,30.280435,全职,1-3年,"['带薪年假', '计算机软件', '管理规范', '定期体检']"
197,3988078,32-高级Python开发工程师,上海,2018-05-03 09:31:51,22.2,36719,华云数据,无锡华云数据技术服务有限公司,500-2000人,杨浦区,本科,D轮及以上,"移动互联网,数据服务",0.0,0.0,全职,3-5年,"['节日礼物', '带薪年假', '扁平管理', '弹性工作']"
198,4344157,高级Python开发工程师,杭州,2018-05-02 15:47:09,21.0,10359,酷家乐,杭州群核信息技术有限公司,500-2000人,拱墅区,本科,D轮及以上,移动互联网,119.993591,29.993662,全职,3-5年,"['两次加薪', '弹性工作', '期权丰厚', '两次晋升']"
199,2729942,高级Python开发工程师,北京,2018-05-02 10:56:24,28.0,115290,乐信圣文,北京乐信圣文科技有限责任公司,50-150人,海淀区,本科,B轮,移动互联网,116.357008,40.04298,全职,3-5年,"['交通补助', '午餐补助', '项目奖金', '季度奖金']"
200,4457473,主管Python开发工程师,深圳,2018-05-02 10:18:59,15.2,25317,金证股份,深圳市金证科技股份有限公司,2000人以上,南山区,本科,上市公司,金融,113.993578,22.99368,全职,3-5年,"['激情的团队', '股票期权', '努力变大牛', '有舞台给您跳']"
201,4120370,Python高级开发工程师,深圳,2018-05-02 10:18:49,18.4,5580,明源云,深圳市明源云客电子商务有限公司,2000人以上,南山区,本科,上市公司,"移动互联网,企业服务",113.95257048,22.53789999,全职,3-5年,"['高额六险一金', '年底双薪', '绩效奖金', 'N项经费']"
202,3591308,Python开发工程师,深圳,2018-04-28 09:35:05,19.0,9275,500.com集团,深圳市易讯天空网络技术有限公司,150-500人,南山区,本科,上市公司,"移动互联网,电子商务",0.0,0.0,全职,3-5年,"['股票期权', '绩效奖金', '专项奖金', '交通补助']"
203,3570109,Python工程师,北京,2018-05-02 17:26:19,17.8,250342,海瀑网络,北京海瀑网络科技有限公司,15-50人,朝阳区,本科,A轮,"移动互联网,游戏",116.498434,39.97984,全职,3-5年,"['专项奖金', '股票期权', '绩效奖金']"
204,3332125,Python开发工程师,南京,2018-05-02 11:51:29,9.0,37018,五星电器,江苏五星电器有限公司,2000人以上,鼓楼区,本科,不需要融资,"电子商务,生活服务",118.76761001,32.07222001,全职,1-3年,"['节日礼物', '带薪年假', '绩效奖金', '年度旅游']"
205,4399841,python高级开发工程师,北京,2018-05-02 11:37:47,29.0,534,京东金融,京东金融,2000人以上,大兴区,硕士,上市公司,金融,116.562968,39.786653,全职,3-5年,"['供应链金融', '消费金融', '众筹业务', '支付业务']"
206,4101036,Python,北京,2018-05-02 10:45:31,21.0,34573,省钱快报,北京九州云动科技有限公司,50-150人,东城区,本科,B轮,"移动互联网,电子商务",116.41189961,39.94779526,全职,1-3年,"['技能培训', '专项奖金', '带薪年假', '绩效奖金']"
207,4198780,高级python工程师,北京,2018-05-02 09:52:50,21.0,18165,新东方教育行业研究院,北京点石经纬科技有限公司,150-500人,海淀区,本科,B轮,"移动互联网,教育",116.312091,39.980906,全职,3-5年,"['五险一金', '带薪年假', '节日礼物', '年度旅游']"
208,1314790,Python,上海,2018-05-02 12:40:05,19.0,86188,vonvon,浚皙商务咨询（上海）有限公司,少于15人,长宁区,本科,不需要融资,"社交网络,游戏",121.407427,31.207099,全职,3-5年,"['节日礼物', '韩语英语氛围', '扁平管理', '领导好']"
209,4399235,Python开发工程师,西安,2018-05-02 11:46:34,7.0,282562,VMAXX,维视科技（西安）有限公司,15-50人,曲江新区,本科,A轮,移动互联网,109.014749,34.209115,全职,3-5年,[]
210,2735720,高级Java/PHP/Python工程师,北京,2018-05-02 11:15:35,18.6,111175,ZingFront智线,智线云科技（北京）有限公司,50-150人,朝阳区,本科,A轮,"移动互联网,数据服务",116.472483,39.93868,全职,3-5年,"['绩效奖金', '股票期权', '带薪年假', '弹性工作']"
211,3488642,Python开发,上海,2018-04-27 13:50:16,15.2,1313,爱福窝,上海爱福窝云技术有限公司,150-500人,浦东新区,本科,A轮,电子商务,121.99341,30.994275,全职,1-3年,"['在线家装设计', '年底双薪', '五险一金', '带薪年假']"
212,20458,Python开发工程师,北京,2018-05-02 17:39:51,19.0,1748,钱方好近,北京钱方银通科技有限公司,150-500人,朝阳区,本科,B轮,金融,116.480665,39.996404,全职,3-5年,"['节日礼物', '带薪年假', '绩效奖金', '年度旅游']"
213,3972486,资深python开发工程师,深圳,2018-05-02 10:46:00,19.0,3038,Gridsum 国双,北京国双科技有限公司,500-2000人,福田区,本科,上市公司,"数据服务,企业服务",114.068588,22.543462,全职,5-10年,"['年度旅游', '节日礼物', '年底双薪', '带薪年假']"
214,4374671,Python,深圳,2018-05-02 09:34:32,13.2,50241,Symbio-Freeborders,信必优(深圳)信息技术有限公司,2000人以上,罗湖区,本科,未融资,"移动互联网,电子商务",0.0,0.0,全职,3-5年,"['节日礼物', '年底双薪', '带薪年假', '年度旅游']"
215,4440973,Python开发工程师,北京,2018-05-03 09:26:56,19.0,106289,PALMAX,北京棕榈创想科技有限公司,50-150人,海淀区,本科,A轮,移动互联网,116.315023,40.035941,全职,3-5年,"['绩效奖金', '交通补助', '定期体检', '午餐补助']"
216,4126215,Python开发工程师,北京,2018-05-02 13:50:57,19.0,89763,诺远科技,诺远科技发展有限公司,2000人以上,朝阳区,本科,未融资,"移动互联网,金融",116.460056,39.9253,全职,3-5年,"['节日礼物', '年底双薪', '带薪年假', '绩效奖金']"
217,4022014,python高级开发工程师,广州,2018-05-02 13:30:38,14.0,310815,经传多赢,广州经传多赢投资咨询有限公司,2000人以上,番禺区,不限,不需要融资,"移动互联网,金融",0.0,0.0,全职,1-3年,"['绩效奖金', '年度旅游', '扁平管理', '技能培训']"
218,4438363,python工程师,上海,2018-04-17 22:00:18,19.0,30356,平安好房,平安好房（上海）电子商务有限公司,500-2000人,徐汇区,本科,上市公司,电子商务,121.45862,31.18098,全职,3-5年,"['节日礼物', '技能培训', '绩效奖金', '岗位晋升']"
219,3860090,python研发工程师,北京,2018-05-03 09:29:34,19.0,124770,CDS,北京首都在线科技股份有限公司,150-500人,海淀区,本科,上市公司,移动互联网,115.99339,39.99426,全职,5-10年,"['绩效奖金', '通讯津贴', '定期体检', '带薪年假']"
220,4105171,Python中级开发工程师,深圳,2018-05-03 07:31:10,14.4,16831,武汉佰钧成技术有限公司,武汉佰钧成技术有限责任公司,2000人以上,南山区,本科,不需要融资,移动互联网,0.0,0.0,全职,3-5年,"['带薪年假', '计算机软件', '管理规范', '定期体检']"
221,3360719,高级Python开发工程师,深圳,2018-05-02 18:20:44,18.8,71639,杉岩数据,深圳市杉岩数据技术有限公司,15-50人,南山区,本科,A轮,"企业服务,数据服务",113.970124,22.583821,全职,3-5年,"['股票期权', '扁平管理', '领导好', '五险一金']"
222,4032193,高级Java/Python开发工程师,杭州,2018-05-02 17:53:10,26.0,83357,阿里云,阿里云计算有限公司,2000人以上,西湖区,不限,上市公司,"电子商务,企业服务",,,全职,不限,"['年底双薪', '带薪年假', '帅哥多', '定期体检']"
223,4468720,高级Python开发工程师,北京,2018-05-02 11:09:14,28.0,115290,乐信圣文,北京乐信圣文科技有限责任公司,50-150人,海淀区,本科,B轮,移动互联网,116.359972,40.039972,全职,3-5年,"['交通补助', '午餐补助', '项目奖金', '季度奖金']"
224,4063313,高级Python开发工程师,上海,2018-05-02 10:12:54,17.8,5674,华尔街见闻,上海阿牛信息科技有限公司,150-500人,黄浦区,本科,B轮,"金融,移动互联网",121.477942,31.206516,全职,3-5年,"['技能培训', '节日礼物', '岗位晋升', '年度旅游']"
225,2504617,Python,北京,2018-04-27 19:25:32,24.0,107423,瓜子二手车直卖网,车好多旧机动车经纪(北京)有限公司,2000人以上,,本科,C轮,O2O,116.314365,40.067179,全职,1-3年,"['带薪年假', '弹性工作', '免费班车', '美女多']"
226,3384818,Python软件开发工程师,上海,2018-04-27 18:40:24,12.0,14093,瞬联软件科技（北京）有限公司,瞬联软件科技（北京）有限公司,500-2000人,长宁区,本科,不需要融资,"移动互联网 ,企业服务",121.354946,31.219308,全职,1-3年,"['高薪', '节日礼物', '弹性工作', '带薪年假']"
227,3093928,Python工程师,北京,2018-04-26 14:35:02,28.0,1561,Face++,北京旷视科技有限公司,500-2000人,海淀区,本科,C轮,"移动互联网,硬件",39.897445,116.331398,全职,1-3年,"['科技大牛公司', '自助三餐', '年终多薪', '超长带薪假期']"
228,4242375,Python 开发工程师,北京,2018-04-23 17:32:25,25.2,4128,知乎,北京智者天下科技有限公司,500-2000人,海淀区,本科,D轮及以上,"移动互联网,社交网络",116.350094,40.007985,全职,1-3年,"['年底双薪', '股票期权', '带薪年假', '定期体检']"
229,2710558,python高级工程师,北京,2018-05-03 09:30:10,29.0,7902,好巧,北京好巧国际旅行社有限公司,150-500人,朝阳区,本科,B轮,数据服务,116.406849,39.973642,全职,5-10年,"['五险一金', '弹性工作', '扁平管理', '百万医疗']"
230,1498631,Python高级软件工程师,广州,2018-05-03 09:17:47,19.0,108163,英荔教育,广州英荔教育科技有限公司,15-50人,天河区,本科,不需要融资,"企业服务,教育",113.32466491,23.14153143,全职,1-3年,"['年底双薪', '午餐补助', '带薪年假', '五险一金']"
231,4223932,高级python工程师,北京,2018-05-02 17:28:04,28.0,62540,波场TRON,锐波（北京）科技有限公司,50-150人,海淀区,本科,不需要融资,"移动互联网,金融",0.0,0.0,全职,3-5年,"['股票期权', '扁平管理', '美女多', '五险一金']"
232,4024943,python工程师,北京,2018-05-02 10:37:05,36.0,29496,闪银奇异,北京闪银奇异科技有限公司,500-2000人,朝阳区,本科,D轮及以上,"移动互联网,金融",116.983011,36.612889,全职,不限,"['13~15薪', '晋升空间大', '定期体检', '能力定薪']"
233,4110734,Python开发工程师[亦庄],北京,2018-05-02 10:00:35,21.0,5748,天润融通,北京天润融通科技有限公司,150-500人,大兴区,本科,不需要融资,"企业服务,数据服务",116.496718,39.783708,全职,不限,"['五险一金', '带薪年假', '免费班车', '领导好']"
234,3122018,Python开发工程师,大连,2018-05-01 18:50:09,6.2,204300,允执科技,大连允执科技有限公司,15-50人,沙河口区,不限,未融资,"移动互联网,信息安全",121.593923,38.894472,全职,不限,"['区块链', '人工智能', '技术驱动型']"
235,2220485,Python开发工程师,杭州,2018-05-02 18:24:38,19.0,534,京东金融,京东金融,2000人以上,,本科,上市公司,金融,120.10414964,30.33218105,全职,3-5年,"['供应链金融', '消费金融', '众筹业务', '支付业务']"
236,3024351,Python开发工程师（中高级）,成都,2018-05-02 17:38:15,15.2,54687,路行通,成都路行通信息技术有限公司,500-2000人,高新区,本科,不需要融资,"移动互联网,生活服务",104.068512,30.552364,全职,3-5年,"['年度旅游', '岗位晋升', '帅哥多', '五险一金']"
237,4494505,Python开发工程师,成都,2018-05-02 11:48:00,14.0,136443,马上金融,马上消费金融股份有限公司,2000人以上,高新区,本科,不需要融资,"金融,移动互联网",104.067656,30.551731,全职,3-5年,"['股票期权', '年终分红', '绩效奖金', '带薪年假']"
238,4124555,Python开发工程师,深圳,2018-05-02 11:26:01,21.0,40459,商汤科技,北京市商汤科技开发有限公司,500-2000人,南山区,本科,B轮,移动互联网,113.920038,22.494927,全职,3-5年,"['五险一金', '弹性工作', '丰盛三餐', '发展空间大']"
239,4116352,高级Python工程师,北京,2018-05-02 09:55:51,28.0,312651,摩尔妈妈,北京摩尔妈咪网络科技有限公司,15-50人,朝阳区,本科,A轮,移动互联网,116.477224,39.95602,全职,1-3年,"['年底双薪', '股票期权', '定期体检', '带薪年假']"
240,4049431,Python 研发工程师,北京,2018-04-28 10:31:16,33.0,62,字节跳动,北京字节跳动科技有限公司,2000人以上,海淀区,本科,C轮,"移动互联网,数据服务",39.977067,39.977067,全职,3-5年,"['扁平管理', '弹性工作', '大厨定制三餐', '就近租房补贴']"
241,4398605,Python开发工程师,上海,2018-04-19 16:33:37,19.0,248010,钱包生活,钱包生活（平潭）科技有限公司上海分公司,2000人以上,闵行区,本科,B轮,"O2O,移动互联网",121.38593,31.164701,全职,3-5年,"['午餐补助', '带薪年假', '年度旅游', '扁平管理']"
242,4201279,Python研发工程师,北京,2018-04-11 14:47:59,21.0,168991,老虎证券,北京优虎商务服务有限公司,150-500人,朝阳区,本科,B轮,"移动互联网,金融",116.460172,39.952787,全职,不限,"['绩效奖金', '年底双薪', '带薪年假', '定期体检']"
243,4185109,Python开发工程师,广州,2018-05-03 08:23:27,3.8,257650,广州玖维信息科技有限公司,广州玖维信息科技有限公司,150-500人,海珠区,大专,上市公司,"移动互联网,数据服务",113.322983,23.096894,全职,1年以下,"['年底双薪', '专项奖金', '年终分红', '带薪年假']"
244,3435319,python中级开发工程师,北京,2018-05-02 10:33:42,21.0,88433,北京中铁信,北京中铁信科技有限公司,150-500人,海淀区,本科,不需要融资,其他,116.298211,39.947085,全职,1-3年,"['带薪年假', '绩效奖金', '年度旅游', '定期体检']"
245,3432640,高级Python工程师,上海,2018-05-02 09:40:48,26.0,26962,上海你我贷互联网金融信息服务,上海你我贷互联网金融信息服务有限公司,2000人以上,浦东新区,本科,未融资,金融,121.53432,31.21679986,全职,3-5年,"['年底双薪', '节日礼物', '技能培训', '绩效奖金']"
246,4266965,Python开发工程师,深圳,2018-05-02 09:36:31,12.0,10505,新炬网络,上海新炬网络技术有限公司,500-2000人,福田区,大专,未融资,"移动互联网,数据服务",114.063732,22.541286,全职,1-3年,"['技能培训', '年底双薪', '岗位晋升', '年度旅游']"
247,2976894,python开发工程师,武汉,2018-04-27 11:06:11,10.0,7936,武汉安天,武汉安天信息技术有限责任公司,150-500人,东湖新技术开发区,本科,未融资,移动互联网,114.492964,30.559387,全职,1-3年,"['绩效奖金', '专项奖金', '五险一金', '带薪年假']"
248,3955850,python开发-武汉,武汉,2018-04-26 11:29:06,22.0,15507,云沃客,北京云族佳科技有限公司,150-500人,东湖新技术开发区,本科,A轮,移动互联网,114.44164,30.506042,全职,3-5年,"['数字化开发', '软件众包事业', '结果付酬', '实践远程办公']"
249,4018865,Python开发岗,深圳,2018-04-26 11:10:42,14.0,135243,试金石信用,试金石信用服务有限公司,50-150人,南山区,本科,不需要融资,"数据服务,移动互联网",113.994059,22.993238,全职,1-3年,"['绩效奖金', '带薪年假', '交通补助', '午餐补助']"
250,2469568,Python研发中级工程师,北京,2018-05-03 09:10:19,21.0,49870,掌控,北京掌控世代科技有限公司,15-50人,海淀区,本科,A轮,"移动互联网,电子商务",116.302347,40.043891,全职,3-5年,"['带薪年假', '定期体检', '年度旅游', '扁平管理']"
251,2942066,Python开发工程师,北京,2018-05-03 00:14:27,21.0,36031,一起科技,上海一起作业信息科技有限公司,500-2000人,朝阳区,本科,D轮及以上,"移动互联网,教育",116.486624,40.000825,全职,1-3年,"['节日礼物', '岗位晋升', '扁平管理', '领导好']"
252,4135794,Python开发工程师,上海,2018-05-02 17:54:10,28.0,6542,小红书,行吟信息科技（上海）有限公司,500-2000人,黄浦区,本科,C轮,"生活服务,电子商务",121.474421,31.215876,全职,1-3年,"['年度旅游', '节日礼物', '专项奖金', '带薪年假']"
253,4464154,高级 Python 工程师,北京,2018-05-02 11:00:19,28.0,62540,波场TRON,锐波（北京）科技有限公司,50-150人,海淀区,本科,不需要融资,"移动互联网,金融",116.306737,39.976683,全职,3-5年,"['股票期权', '扁平管理', '美女多', '五险一金']"
254,4483385,python工程师(J10364),北京,2018-05-02 10:48:24,19.0,8143,途家网,途家网网络技术（北京）有限公司,500-2000人,朝阳区,本科,D轮及以上,"移动互联网,O2O",116.48937,39.979503,全职,1-3年,"['绩效奖金', '五险一金', '带薪年假', '免费班车']"
255,3434658,Python中级研发工程师,北京,2018-05-02 17:26:49,17.6,88433,北京中铁信,北京中铁信科技有限公司,150-500人,海淀区,本科,不需要融资,其他,0.0,0.0,全职,3-5年,"['带薪年假', '绩效奖金', '年度旅游', '定期体检']"
256,3836101,Python开发,深圳,2018-04-27 10:22:32,11.8,25317,金证股份,深圳市金证科技股份有限公司,2000人以上,福田区,本科,上市公司,金融,0.0,0.0,全职,1-3年,"['激情的团队', '股票期权', '努力变大牛', '有舞台给您跳']"
257,4292395,Python,深圳,2018-04-25 09:05:22,13.2,16831,武汉佰钧成技术有限公司,武汉佰钧成技术有限责任公司,2000人以上,南山区,本科,不需要融资,移动互联网,0.0,0.0,全职,3-5年,"['带薪年假', '计算机软件', '管理规范', '定期体检']"
258,4388905,高级Python开发工程师,上海,2018-05-02 11:50:11,24.0,35384,智慧芽,智慧芽信息科技（苏州）有限公司,150-500人,闸北区,本科,C轮,移动互联网,121.45252,31.24603,全职,3-5年,"['技能培训', '年底双薪', '节日礼物', '绩效奖金']"
259,4444655,Python开发工程师,北京,2018-05-02 09:57:18,13.2,3038,Gridsum 国双,北京国双科技有限公司,500-2000人,海淀区,本科,上市公司,"数据服务,企业服务",116.332441,39.976021,全职,1-3年,"['年度旅游', '节日礼物', '年底双薪', '带薪年假']"
260,3802618,python,北京,2018-05-02 09:38:38,24.0,7094,The ONE,小叶子（北京）科技有限公司,150-500人,朝阳区,本科,C轮,"硬件,教育",116.469451,40.018758,全职,3-5年,"['优秀团队', '篮球羽毛球队', '13薪', '技术大牛多']"
261,4329246,python研发工程师,北京,2018-04-28 17:13:57,17.8,5726,翼课网,广州摩翼信息科技有限公司,500-2000人,大兴区,本科,不需要融资,"移动互联网 ,教育",116.540661,39.765847,全职,1-3年,"['节日礼物', '在线教育', '岗位晋升', '五险一金']"
262,3828594,Python研发工程师,北京,2018-04-27 09:45:54,11.2,8861,妙计旅行,北京汇行科技有限公司,150-500人,东城区,本科,B轮,旅游,116.41498,39.94801,全职,1-3年,"['股票期权', '十四薪', '零食饮料水果', '团队氛围好']"
263,3164507,Python 高级开发工程师,北京,2018-04-26 14:35:02,28.0,1561,Face++,北京旷视科技有限公司,500-2000人,海淀区,本科,C轮,"移动互联网,硬件",39.897445,116.331398,全职,3-5年,"['科技大牛公司', '自助三餐', '年终多薪', '超长带薪假期']"
264,3504574,python工程师,上海,2018-04-19 17:46:09,19.0,72427,上海青客,上海青客公共租赁住房租赁经营管理股份有限公司,500-2000人,徐汇区,本科,C轮,"移动互联网,O2O",121.458876,31.186176,全职,3-5年,"['技能培训', '年底双薪', '专项奖金', '股票期权']"
265,3093076,Python工程师,杭州,2018-04-16 14:10:55,11.2,69091,浙报集团,浙江日报报业集团,2000人以上,下城区,本科,不需要融资,"移动互联网,文化娱乐",119.993591,29.993662,全职,1-3年,"['带薪年假', '美女多', '定期体检', '人才公寓']"
266,4179016,python高级开发工程师,深圳,2018-05-02 15:37:36,20.8,16177,掌贝（云移科技）,广州云移信息科技有限公司,500-2000人,福田区,大专,B轮,"移动互联网,O2O",114.02831138,22.53280362,全职,5-10年,"['股票期权', '岗位晋升', '扁平管理', '领导好']"
267,4393215,Python 程序员,上海,2018-05-02 12:40:05,21.0,86188,vonvon,浚皙商务咨询（上海）有限公司,少于15人,长宁区,本科,不需要融资,"社交网络,游戏",121.407427,31.207099,全职,3-5年,"['节日礼物', '韩语英语氛围', '扁平管理', '领导好']"
268,4144642,高级Python开发工程师,成都,2018-05-02 11:04:54,21.0,115290,乐信圣文,北京乐信圣文科技有限责任公司,50-150人,高新区,本科,B轮,移动互联网,104.063453,30.547734,全职,3-5年,"['交通补助', '午餐补助', '项目奖金', '季度奖金']"
269,3145309,Python研发工程师,北京,2018-05-02 11:02:05,24.0,490,LBE 科技,永杨安风（北京）科技有限公司,50-150人,朝阳区,本科,B轮,移动互联网,116.514211,39.905841,全职,3-5年,"['绩效奖金', '专项奖金', '带薪年假', '节日礼物']"
270,3835631,Python 中级研发工程师,北京,2018-05-02 17:26:51,21.0,88433,北京中铁信,北京中铁信科技有限公司,150-500人,海淀区,本科,不需要融资,其他,0.0,0.0,全职,3-5年,"['带薪年假', '绩效奖金', '年度旅游', '定期体检']"
271,3728155,高级python工程师,杭州,2018-05-02 09:12:22,21.0,93448,览众数据,杭州览众数据科技有限公司,50-150人,滨江区,本科,B轮,"电子商务,数据服务",120.224077,30.208963,全职,3-5年,"['技能培训', '股票期权', '带薪年假', '绩效奖金']"
272,3680735,Python开发工程师,北京,2018-04-28 15:56:51,24.8,84814,医渡云（北京）技术有限公司,医渡云（北京）技术有限公司,150-500人,海淀区,大专,B轮,"O2O,医疗健康",116.366019,39.982583,全职,3-5年,"['节日礼物', '年底双薪', '股票期权', '带薪年假']"
273,4489267,Python（公有云）,北京,2018-04-28 11:53:51,31.0,53137,家园网,家园网络科技有限公司,2000人以上,东城区,本科,不需要融资,O2O,115.99339,39.99426,全职,5-10年,"['节日礼物', '带薪年假', '绩效奖金', '管理规范']"
274,3217039,python攻城狮,北京,2018-05-02 14:35:15,11.4,126385,罗威亚科技,北京罗威亚科技有限公司,15-50人,大兴区,本科,天使轮,"移动互联网,硬件",116.513732,39.791937,全职,1-3年,"['扁平管理', '技能培训', '弹性工作', '领导好']"
275,4320389,Python工程师-机器学习方向,北京,2018-05-02 09:44:08,26.0,236405,曜辉科技,北京曜辉信息科技有限公司,15-50人,朝阳区,本科,未融资,"移动互联网,企业服务",116.465953,40.021083,全职,1-3年,"['弹性工作', '领导好', '扁平管理', '快速成长']"
276,4374873,python开发工程师,上海,2018-05-02 09:35:52,15.4,40270,名片全能王,上海合合信息科技发展有限公司,150-500人,静安区,本科,C轮,移动互联网,121.439769,31.294568,全职,1-3年,"['团队建设', '技能培训', '节日礼物', '年底分红']"
277,4235893,python工程师,贵阳,2018-04-27 14:40:21,12.0,146756,贵州电商云,贵州电子商务云运营有限责任公司,50-150人,观山湖区（金阳新区）,不限,未融资,"电子商务,数据服务",106.644979,26.617529,全职,不限,"['交通补助', '带薪年假', '绩效奖金', '通讯津贴']"
278,3546134,python工程师,上海,2018-04-19 17:46:09,19.0,72427,上海青客,上海青客公共租赁住房租赁经营管理股份有限公司,500-2000人,徐汇区,本科,C轮,"移动互联网,O2O",121.458876,31.186176,全职,3-5年,"['技能培训', '年底双薪', '专项奖金', '股票期权']"
279,2094775,资深Python工程师,上海,2018-05-03 00:32:48,22.0,39398,壤歌,上海壤歌市场营销策划有限公司,50-150人,徐汇区,本科,A轮,"移动互联网,企业服务",121.42663756,31.16284993,全职,3-5年,"['股票期权', '绩效奖金', '岗位晋升', '扁平管理']"
280,3886676,Python开发工程师,上海,2018-05-02 10:52:28,7.6,43907,博云,苏州博纳讯动软件有限公司,150-500人,浦东新区,本科,B轮,"移动互联网,企业服务",121.663219,31.23361,全职,3-5年,"['凝聚力强', '客户群广', '发展迅速', '团队年轻']"
281,4328052,Python开发工程师,上海,2018-04-17 17:21:08,15.8,163859,平安普惠,平安普惠企业管理有限公司,2000人以上,浦东新区,本科,不需要融资,"金融,移动互联网",0.0,0.0,全职,3-5年,"['带薪年假', '专项奖金', '年终分红', '定期体检']"
282,2282811,Python,上海,2018-05-03 09:35:56,14.0,72838,雷速体育,上海炫体信息科技有限公司,50-150人,虹口区,不限,不需要融资,"移动互联网,社交网络",121.487197,31.250622,全职,1-3年,"['节日礼物', '年底双薪', '专项奖金', '带薪年假']"
283,4093635,高级python开发,深圳,2018-05-03 09:20:10,21.0,65521,泽林信息,深圳市泽林信息咨询有限公司,500-2000人,南山区,大专,不需要融资,教育,113.953534,22.542215,全职,3-5年,"['节日礼物', '技能培训', '绩效奖金', '年度旅游']"
284,2010228,高级Python开发工程师,深圳,2018-05-02 13:56:43,21.0,917,极光,深圳市和讯华谷信息技术有限公司,150-500人,南山区,本科,D轮及以上,"移动互联网,数据服务",113.907458,22.550007,全职,3-5年,"['五险一金', '文体活动', '团建旅游', '美味晚餐']"
285,4299205,高级后端研发工程师-C++/Python/,北京,2018-05-02 11:49:49,33.0,2474,滴滴出行,北京嘀嘀无限科技发展有限公司,2000人以上,海淀区,本科,不需要融资,移动互联网,116.283741,40.044484,全职,3-5年,"['弹性工作', '节日礼物', '岗位晋升', '技能培训']"
286,4475110,python开发工程师,深圳,2018-05-02 09:28:32,13.6,117217,博悦科创,深圳市博悦科创科技有限公司,500-2000人,南山区,本科,不需要融资,移动互联网,113.919651,22.495838,全职,3-5年,"['年底双薪', '定期体检', '绩效奖金', '技能培训']"
287,4156888,python高级研发,上海,2018-05-03 09:32:05,26.0,246971,Vechain,上海唯链信息科技有限公司,50-150人,静安区,大专,A轮,"移动互联网,信息安全",121.438506,31.221671,全职,3-5年,"['弹性工作', '五险一金', '老司机驾校', '年底N薪']"
288,4274807,python高级工程师,成都,2018-05-02 10:03:27,19.0,173625,天广汇通,北京天广汇通科技有限公司,50-150人,高新区,本科,不需要融资,"信息安全,数据服务",104.05558,30.53895,全职,3-5年,"['股票期权', '午餐补助', '通讯津贴', '绩效奖金']"
289,4492791,Python工程师,广州,2018-05-02 10:03:02,9.6,300974,爱特生康,广东爱特生康信息科技股份有限公司,50-150人,天河区,不限,未融资,"医疗健康,其他",113.332874,23.132778,全职,1-3年,"['带薪年假', '绩效奖金', '美女多', '帅哥多']"
290,2875277,Python开发工程师,北京,2018-05-02 08:23:51,21.0,6684,全品学堂,北京全品文教科技股份有限公司,500-2000人,海淀区,本科,不需要融资,"O2O,教育",116.301993,39.959941,全职,3-5年,"['股票期权', '绩效奖金', '带薪年假', '年终分红']"
291,4413998,Python工程师,北京,2018-04-23 18:34:20,19.0,102212,达内集团,达内时代科技集团有限公司,2000人以上,海淀区,本科,上市公司,"移动互联网,教育",115.99339,39.99426,全职,3-5年,"['技能培训', '股票期权', '专项奖金', '带薪年假']"
292,4109791,Python工程师,杭州,2018-04-10 10:10:26,11.2,149258,中科视拓,中科视拓（北京）科技有限公司,50-150人,滨江区,本科,A轮,企业服务,0.0,0.0,全职,1-3年,"['交通补助', '午餐补助', '扁平管理', '弹性工作']"
293,4384830,Python开发工程师,西安,2018-04-08 18:59:36,9.8,16831,武汉佰钧成技术有限公司,武汉佰钧成技术有限责任公司,2000人以上,雁塔区,本科,不需要融资,移动互联网,108.840281,34.209282,全职,3-5年,"['带薪年假', '计算机软件', '管理规范', '定期体检']"
294,4087710,103-中级Python开发工程师,上海,2018-05-03 09:31:50,19.0,36719,华云数据,无锡华云数据技术服务有限公司,500-2000人,杨浦区,本科,D轮及以上,"移动互联网,数据服务",0.0,0.0,全职,3-5年,"['节日礼物', '带薪年假', '扁平管理', '弹性工作']"
295,4044245,Python开发／后端软件工程师.,上海,2018-05-02 11:23:00,24.0,26351,Juwai,宏居网络技术（上海）有限公司,50-150人,虹口区,本科,B轮,移动互联网,121.5013,31.24977,全职,3-5年,"['带薪年假', '岗位晋升', '扁平管理', '美女多']"
296,3874270,python工程师,北京,2018-05-02 10:56:39,21.0,115290,乐信圣文,北京乐信圣文科技有限责任公司,50-150人,海淀区,本科,B轮,移动互联网,116.357008,40.04298,全职,1-3年,"['交通补助', '午餐补助', '项目奖金', '季度奖金']"
297,3581347,Python开发工程师（Web方向）,杭州,2018-05-02 10:13:24,17.0,42868,Club Factory,杭州嘉云数据科技有限公司,150-500人,西湖区,本科,C轮,"电子商务,移动互联网",120.124444,30.277356,全职,1-3年,"['海量大数据', '世界级产品', 'AI', '智能供应链']"
298,3346434,高级Python研发工程师,上海,2018-05-02 10:04:37,21.0,56746,贝米钱包,上海贝涛金融信息服务有限公司,50-150人,徐汇区,本科,A轮,金融,121.446889,31.204067,全职,3-5年,"['节日礼物', '带薪年假', '年度旅游', '扁平管理']"
299,4300848,Python工程师,北京,2018-04-19 10:19:12,19.0,186215,群星科技,北京群星闪耀科技有限公司,15-50人,海淀区,本科,不需要融资,移动互联网,116.336208,39.976456,全职,3-5年,"['午餐补助', '弹性工作', '扁平管理', '五险一金']"
300,4436300,python开发工程师,上海,2018-04-17 16:39:14,21.0,202104,趣头条,上海基分文化传播有限公司,500-2000人,浦东新区,不限,不需要融资,移动互联网,0.0,0.0,全职,3-5年,"['专项奖金', '带薪年假', '弹性工作', '管理规范']"
301,3981193,Python开发工程师-pass平台方向,北京,2018-05-02 18:24:37,35.0,534,京东金融,京东金融,2000人以上,通州区,本科,上市公司,金融,116.52117756,39.82198934,全职,5-10年,"['供应链金融', '消费金融', '众筹业务', '支付业务']"
302,1892699,Python（极验验证）,武汉,2018-04-28 09:44:21,12.6,7682,极验,武汉极意网络科技有限公司,50-150人,东湖新技术开发区,不限,B轮,"信息安全,数据服务",114.408836,30.454069,全职,3-5年,"['股票期权', '绩效奖金', '交通补助', '带薪年假']"
303,4003445,Python研发工程师,北京,2018-04-09 19:06:10,31.0,3786,宜信,普信恒业科技发展（北京）有限公司,2000人以上,朝阳区,本科,上市公司,金融,116.477415,39.913332,全职,5-10年,"['管理规范', '技能培训', '扁平管理', '弹性工作']"
304,4471635,Python开发工程师,上海,2018-05-02 09:56:36,13.2,192394,职晓,上海创远教育科技有限公司,50-150人,静安区,本科,A轮,教育,121.441726,31.280492,全职,1-3年,"['周末双休', '年终奖', '一年多次加薪', '节日福利']"
305,3794749,Python开发工程师,北京,2018-05-02 09:55:39,22.0,174043,颉一软件,广州杰颉软件科技有限公司,15-50人,朝阳区,本科,A轮,"信息安全,数据服务",116.403905,39.994108,全职,5-10年,"['股票期权', '绩效奖金', '带薪年假', '弹性工作']"
306,4040750,高级Python开发工程师,上海,2018-04-28 10:25:26,35.0,26250,musical.ly,蜜柚网络科技（上海）有限公司,150-500人,黄浦区,本科,不需要融资,"社交网络,文化娱乐",121.99341,30.994275,全职,3-5年,"['技能培训', '节日礼物', '股票期权', '带薪年假']"
307,4242545,高级Python开发,上海,2018-04-27 14:23:56,28.0,55021,坚果云,上海亦存网络科技有限公司,50-150人,浦东新区,本科,不需要融资,"企业服务,数据服务",121.59057,31.186559,全职,3-5年,"['技能培训', '专项奖金', '绩效奖金', '扁平管理']"
308,3155627,Python高级研发工程师-度假事业部(J11528),北京,2018-05-03 09:38:21,28.0,1970,去哪儿网,北京趣拿软件科技有限公司,2000人以上,海淀区,本科,不需要融资,移动互联网,116.31545258,39.97860388,全职,3-5年,"['技能培训', '节日礼物', '带薪年假', '无息住房贷款']"
309,1069314,Python开发工程师,北京,2018-05-02 14:47:22,14.6,34214,乐飞天下,乐飞天下信息技术(北京)有限公司,15-50人,朝阳区,大专,未融资,"移动互联网,旅游",116.477076,39.907562,全职,3-5年,"['技能培训', '扁平管理', '五险一金', '午餐补助']"
310,4164458,Python/ Qt开发工程师,广州,2018-05-02 09:20:04,8.4,68910,健康猫,广州大象健康科技有限公司,500-2000人,天河区,本科,A轮,移动互联网,113.417401,23.173731,全职,1-3年,"['带薪年假', '绩效奖金', '岗位晋升', '美女多']"
311,3418244,高级python工程师,北京,2018-05-01 21:34:01,28.0,109317,灵犀联云,北京灵犀联云科技有限公司,50-150人,朝阳区,本科,B轮,"企业服务,数据服务",116.474678,40.019216,全职,3-5年,"['BAT大牛', '大数据', 'A轮空间大', '知识分享']"
312,4005705,Python开发工程师,北京,2018-04-28 09:57:11,26.0,62,字节跳动,北京字节跳动科技有限公司,2000人以上,海淀区,本科,C轮,"移动互联网,数据服务",39.971268,39.971268,全职,1-3年,"['扁平管理', '弹性工作', '大厨定制三餐', '就近租房补贴']"
313,1732848,python工程师,北京,2018-04-10 09:02:00,19.0,53137,家园网,家园网络科技有限公司,2000人以上,东城区,本科,不需要融资,O2O,116.35427724,39.92427418,全职,3-5年,"['节日礼物', '带薪年假', '绩效奖金', '管理规范']"
314,4297936,急聘python工程师,上海,2018-05-02 12:40:05,19.0,86188,vonvon,浚皙商务咨询（上海）有限公司,少于15人,长宁区,本科,不需要融资,"社交网络,游戏",121.407427,31.207099,全职,3-5年,"['节日礼物', '韩语英语氛围', '扁平管理', '领导好']"
315,1866044,Python工程师,北京,2018-04-10 09:01:59,17.2,53137,家园网,家园网络科技有限公司,2000人以上,东城区,本科,不需要融资,O2O,116.447559,39.89220106,全职,3-5年,"['节日礼物', '带薪年假', '绩效奖金', '管理规范']"
316,4464562,Python开发工程师,上海,2018-05-02 10:44:49,23.2,347456,BTCC,上海晶赫网络科技有限公司,50-150人,徐汇区,本科,不需要融资,"移动互联网,金融",121.44458,31.179349,全职,不限,"['带薪年假', '定期体检', '年终分红', '绩效奖金']"
317,4033871,中高级Python开发,北京,2018-05-02 10:44:11,25.2,29496,闪银奇异,北京闪银奇异科技有限公司,500-2000人,朝阳区,本科,D轮及以上,"移动互联网,金融",116.983011,36.612889,全职,3-5年,"['13~15薪', '晋升空间大', '定期体检', '能力定薪']"
318,4500619,python开发工程师,北京,2018-05-02 10:12:36,26.0,62,字节跳动,北京字节跳动科技有限公司,2000人以上,海淀区,本科,C轮,"移动互联网,数据服务",39.971268,39.971268,全职,1-3年,"['扁平管理', '弹性工作', '大厨定制三餐', '就近租房补贴']"
319,4011458,Python开发工程师,成都,2018-04-27 22:13:10,11.2,245889,网信集团,网信集团有限公司,2000人以上,高新区,本科,不需要融资,"移动互联网,金融",0.0,0.0,全职,3-5年,"['股票期权', '午餐补助', '定期体检', '带薪年假']"
320,4501795,Python/Odoo高级开发工程师,上海,2018-05-03 09:40:13,17.0,61545,两鲜,两鲜商贸（上海）有限公司,150-500人,浦东新区,本科,A轮,电子商务,121.566916,31.169947,全职,3-5年,"['技能培训', '节日礼物', '带薪年假', '岗位晋升']"
321,1538263,Python高级开发工程师,南京,2018-05-02 23:38:22,19.0,1768,ivtime,北京爱唯光石信息技术有限公司,15-50人,江宁区,本科,A轮,"移动互联网,企业服务",118.826416,31.868564,全职,3-5年,"['年底双薪', '股票期权', '专项奖金', '人性化管理']"
322,3909214,Python高级开发,上海,2018-05-02 18:55:19,21.0,202104,趣头条,上海基分文化传播有限公司,500-2000人,浦东新区,本科,不需要融资,移动互联网,121.624653,31.226515,全职,5-10年,"['专项奖金', '带薪年假', '弹性工作', '管理规范']"
323,4418650,Python开发工程师,上海,2018-04-28 13:56:53,21.0,41209,DAOCLOUD,上海道客网络科技有限公司,150-500人,杨浦区,本科,A轮,"企业服务,数据服务",121.51801,31.30932,全职,1-3年,"['工程师文化', '业界大牛', '改变世界', '豪华团队']"
324,4413169,PYTHON 开发工程师,北京,2018-04-23 17:22:43,17.4,17291,PPTV聚力,上海聚力传媒技术有限公司,500-2000人,朝阳区,本科,D轮及以上,文化娱乐,116.494503,39.915824,全职,5-10年,"['技能培训', '绩效奖金', '岗位晋升', '扁平管理']"
325,4009873,python,北京,2018-04-11 16:55:06,24.0,82069,思源科技,北京思源置地投资有限公司,2000人以上,朝阳区,本科,不需要融资,"移动互联网,社交网络",116.458141,39.996441,全职,5-10年,"['股票期权', '带薪年假', '绩效奖金', '岗位晋升']"
326,4201653,Python开发,厦门,2018-05-02 17:43:36,7.6,79913,咕啦,厦门市咕啦电子商务有限责任公司,150-500人,思明区,大专,A轮,电子商务,118.118556,24.485133,全职,1-3年,"['带薪年假', '岗位晋升', '扁平管理', '领导好']"
327,4468712,Python开发工程师,北京,2018-05-02 11:09:14,21.0,115290,乐信圣文,北京乐信圣文科技有限责任公司,50-150人,海淀区,本科,B轮,移动互联网,116.359972,40.039972,全职,1-3年,"['交通补助', '午餐补助', '项目奖金', '季度奖金']"
328,4226327,高级python开发工程师,北京,2018-05-02 10:53:30,28.0,107423,瓜子二手车直卖网,车好多旧机动车经纪(北京)有限公司,2000人以上,海淀区,本科,C轮,O2O,116.29905,40.042709,全职,3-5年,"['带薪年假', '弹性工作', '免费班车', '美女多']"
329,2862273,高级Python开发工程师,北京,2018-05-02 09:26:25,28.0,11209,果壳网,北京果壳互动科技传媒有限公司,150-500人,朝阳区,本科,C轮,"移动互联网,社交网络",116.4712,39.90523,全职,3-5年,"['技能培训', '年度旅游', '岗位晋升', '家庭式三餐']"
330,3282980,python工程师,北京,2018-04-10 09:02:01,19.0,53137,家园网,家园网络科技有限公司,2000人以上,东城区,本科,不需要融资,O2O,115.99339,39.99426,全职,3-5年,"['节日礼物', '带薪年假', '绩效奖金', '管理规范']"
331,4500624,python开发工程师,北京,2018-05-02 10:12:35,35.0,62,字节跳动,北京字节跳动科技有限公司,2000人以上,海淀区,本科,C轮,"移动互联网,数据服务",39.971268,39.971268,全职,3-5年,"['扁平管理', '弹性工作', '大厨定制三餐', '就近租房补贴']"
332,3236037,python工程师,北京,2018-05-02 15:37:35,21.0,72106,蛋壳公寓,紫梧桐（北京）资产管理有限公司,2000人以上,东城区,本科,B轮,O2O,116.43027135,39.92418014,全职,3-5年,"['技能培训', '年底双薪', '股票期权', '带薪年假']"
333,4128963,Python开发工程师,深圳,2018-04-19 11:46:22,17.8,30456,回收宝,深圳回收宝科技有限公司,150-500人,南山区,本科,B轮,"移动互联网,电子商务",113.949541,22.527549,全职,3-5年,"['股票期权', '城市核心', '岗位晋升', '腾讯系']"
334,3413188,Python开发工程师（成都）,成都,2018-05-02 17:39:51,13.2,1748,钱方好近,北京钱方银通科技有限公司,150-500人,双流县,本科,B轮,金融,104.071932,30.492081,全职,3-5年,"['节日礼物', '带薪年假', '绩效奖金', '年度旅游']"
335,4275449,Python工程师,深圳,2018-05-02 13:53:07,8.4,22563,天方达健信科技,深圳市天方达健信科技有限公司,150-500人,罗湖区,大专,A轮,移动互联网,114.10824,22.5591,全职,1-3年,"['年底双薪', '绩效奖金', '五险一金', '通讯津贴']"
336,4120720,高级python开发工程师-SH415-41509,上海,2018-05-02 13:42:13,28.0,23177,点融,上海点融信息科技有限责任公司,150-500人,黄浦区,本科,D轮及以上,金融,120.993464,30.994061,全职,3-5年,"['节日礼物', '带薪年假', '岗位晋升', '扁平管理']"
337,3613383,高级Python开发工程师,郑州,2018-05-02 10:30:32,8.2,28890,郑州创恒实业有限公司,郑州创恒实业有限公司,150-500人,金水区,大专,未融资,移动互联网,113.702507,34.77644,全职,1-3年,"['年底双薪', '节日礼物', '技能培训', '绩效奖金']"
338,4353313,Python开发工程师,上海,2018-05-02 09:35:45,9.0,52480,百硕,百硕同兴科技（北京）有限公司,150-500人,浦东新区,本科,不需要融资,"企业服务,金融",121.544379,31.221517,全职,3-5年,"['技能培训', '年底双薪', '节日礼物', '绩效奖金']"
339,3360370,Python研发工程师,上海,2018-05-01 19:00:39,21.0,622,房多多,深圳市房多多网络科技有限公司,2000人以上,闸北区,本科,C轮,"移动互联网,O2O",121.439913,31.277659,全职,1-3年,"['节日礼物', '带薪年假', '扁平管理', '美女多']"
340,3015996,Python开发工程师,北京,2018-04-28 15:56:54,19.0,8103,汽车之家,北京车之家信息技术有限公司,2000人以上,海淀区,本科,上市公司,"移动互联网,文化娱乐",116.31198942,39.97947273,全职,3-5年,"['技能培训', '节日礼物', '带薪年假', '绩效奖金']"
341,4461485,Python 高级开发工程师,成都,2018-04-28 15:20:53,21.0,57400,NEXA,昊盈信息技术（成都）有限公司,150-500人,锦江区,本科,不需要融资,"移动互联网,游戏",104.080556,30.65437,全职,5-10年,"['年底双薪', '节日礼物', '技能培训', '绩效奖金']"
342,2384086,Python研发工程师（中高级）,北京,2018-04-28 10:09:00,19.0,2098,掌阅,掌阅科技股份有限公司,500-2000人,朝阳区,本科,上市公司,移动互联网,116.514211,39.905841,全职,3-5年,"['专项奖金', '带薪年假', '年度旅游', '扁平管理']"
343,4382267,Python开发工程师,北京,2018-04-17 16:18:38,19.0,280,畅游,北京畅游天下网络技术有限公司,2000人以上,石景山区,本科,上市公司,"移动互联网,游戏",116.212239,39.907388,全职,1-3年,"['节日礼物', '技能培训', '带薪年假', '岗位晋升']"
344,4507858,Python实习工程师,北京,2018-05-02 17:51:46,3.8,250342,海瀑网络,北京海瀑网络科技有限公司,15-50人,朝阳区,本科,A轮,"移动互联网,游戏",116.498434,39.97984,实习,应届毕业生,"['专项奖金', '股票期权', '绩效奖金']"
345,3730902,服务器开发工程师（nodejs/java/python/go,北京,2018-05-02 10:42:30,31.0,4286,竞技世界,竞技世界（北京）网络技术有限公司,500-2000人,海淀区,本科,不需要融资,"移动互联网,游戏",,,全职,5-10年,"['节日礼物', '技能培训', '年底双薪', '年度旅游']"
346,4436382,Python软件工程师,深圳,2018-04-23 10:45:25,26.0,21775,DJI大疆创新,深圳市大疆创新科技有限公司,2000人以上,南山区,本科,未融资,"移动互联网,硬件",113.952222,22.536797,全职,3-5年,"['朝阳行业', '丰厚薪资待遇', '年终发车', '扁平管理']"
347,1911203,Python工程师,北京,2018-04-10 09:01:59,22.8,53137,家园网,家园网络科技有限公司,2000人以上,东城区,本科,不需要融资,O2O,116.447559,39.89220106,全职,3-5年,"['节日礼物', '带薪年假', '绩效奖金', '管理规范']"
348,3498686,python,北京,2018-04-04 13:12:01,28.0,100164,千锋教育,北京千锋互联科技有限公司,500-2000人,海淀区,本科,A轮,移动互联网,116.370571,40.037093,全职,3-5年,"['节日礼物', '专项奖金', '股票期权', '带薪年假']"
349,3966136,高级Python工程师,北京,2018-05-02 10:26:54,28.0,151782,爱特曼科技,北京爱特曼科技有限公司,15-50人,海淀区,本科,A轮,"移动互联网,数据服务",116.350962,40.007812,全职,3-5年,"['年底双薪', '定期体检', '股票期权', '带薪年假']"
350,2704328,高级Python研发工程师,北京,2018-04-28 10:09:00,29.0,2098,掌阅,掌阅科技股份有限公司,500-2000人,朝阳区,本科,上市公司,移动互联网,116.514211,39.905841,全职,3-5年,"['专项奖金', '带薪年假', '年度旅游', '扁平管理']"
351,3934436,Python开发工程师,北京,2018-04-26 17:04:17,14.0,35322,缔联科技,北京缔联科技有限公司,50-150人,海淀区,本科,B轮,企业服务,116.311929,39.981767,全职,3-5年,"['年底双薪', '节日礼物', '年度旅游', '岗位晋升']"
352,3544853,PYTHON研发工程师,北京,2018-04-18 10:25:04,29.0,124962,麦达数字,深圳市麦达数字股份有限公司,500-2000人,朝阳区,本科,上市公司,"企业服务,数据服务",116.488635,40.003335,全职,3-5年,"['股票期权', '绩效奖金', '带薪年假', '定期体检']"
353,4352049,Python开发工程师,上海,2018-05-02 16:24:29,21.0,30830,哔哩哔哩,上海幻电信息科技有限公司,2000人以上,杨浦区,本科,上市公司,"移动互联网,文化娱乐",121.506437,31.308258,全职,1-3年,"['带薪年假', '绩效奖金', '交通补助', '午餐补助']"
354,1230540,服务器端开发工程师（Python）,北京,2018-05-02 09:38:06,12.4,4178,凯奇谷,北京凯奇谷信息技术股份有限公司,150-500人,朝阳区,本科,上市公司,"移动互联网,游戏",116.462495,39.900399,全职,1-3年,"['技能培训', '股票期权', '年度旅游', '岗位晋升']"
355,4222893,Python研发工程师,上海,2018-04-28 13:56:54,21.0,41209,DAOCLOUD,上海道客网络科技有限公司,150-500人,杨浦区,本科,A轮,"企业服务,数据服务",121.51801,31.30932,全职,3-5年,"['工程师文化', '业界大牛', '改变世界', '豪华团队']"
356,3827337,python开发工程师,北京,2018-04-09 15:50:52,19.0,173625,天广汇通,北京天广汇通科技有限公司,50-150人,海淀区,本科,不需要融资,"信息安全,数据服务",116.294479,39.939496,全职,3-5年,"['股票期权', '午餐补助', '通讯津贴', '绩效奖金']"
357,4247010,Python开发工程师,南京,2018-05-03 09:30:56,14.0,102982,久康云,久康云健康科技股份有限公司,150-500人,雨花台区,本科,上市公司,"移动互联网,医疗健康",118.76095,31.97642,全职,1-3年,"['专项奖金', '股票期权', '带薪年假', '绩效奖金']"
358,4346629,搜狗AI-Python开发工程师,北京,2018-05-02 17:13:51,21.0,1537,搜狗,北京搜狗科技发展有限公司,2000人以上,海淀区,本科,上市公司,"移动互联网,数据服务",115.99339,39.99426,全职,3-5年,"['岗位晋升', '扁平管理', '管理规范', '精英团队']"
359,4177044,python开发程序员/软件工程师,威海,2018-05-02 13:46:34,6.8,48977,威海新蓝,威海新蓝信息科技有限公司,少于15人,环翠区,大专,未融资,"移动互联网,电子商务",122.070275,37.531256,全职,1-3年,[]
360,4372748,高级Python工程师-灯影科技,北京,2018-05-01 21:13:33,14.0,23702,真格基金,北京真格天成投资管理有限公司,50-150人,朝阳区,本科,不需要融资,金融,116.479388,39.984837,全职,3-5年,[]
361,4071680,Python开发工程师,上海,2018-04-28 13:56:54,14.0,41209,DAOCLOUD,上海道客网络科技有限公司,150-500人,杨浦区,本科,A轮,"企业服务,数据服务",121.504233,31.313673,全职,1-3年,"['工程师文化', '业界大牛', '改变世界', '豪华团队']"
362,3626968,python工程师,广州,2018-04-28 10:35:08,8.4,128888,推想科技,北京推想科技有限公司,50-150人,白云区,大专,B轮,"医疗健康,数据服务",0.0,0.0,全职,1年以下,"['午餐补助', '股票期权', '定期体检', '弹性工作']"
363,3500676,Python工程师-大数据方向,北京,2018-05-03 09:33:31,21.0,141803,高思教育集团,北京高思博乐教育科技股份有限公司,2000人以上,海淀区,本科,上市公司,"教育,移动互联网",115.994034,39.993442,全职,3-5年,"['绩效奖金', '带薪年假', '专项奖金', '六险一金']"
364,3909443,服务器端(Python)研发工程师,成都,2018-05-02 11:42:05,12.0,53142,知道创宇,成都知道创宇信息技术有限公司,500-2000人,高新区,不限,C轮,信息安全,0.0,0.0,全职,3-5年,"['节日礼物', '岗位晋升', '美女多', '领导好']"
365,3966469,Python开发工程师,北京,2018-05-02 10:03:58,24.0,142041,奇虎360金融,上海淇毓信息科技有限公司,500-2000人,朝阳区,本科,未融资,"移动互联网,金融",116.4901,39.982669,全职,3-5年,"['年底双薪', '股票期权', '带薪年假', '定期体检']"
366,4438668,Python开发工程师,济南,2018-04-28 11:52:56,9.6,109894,安云科技,山东安云信息技术有限公司,15-50人,历下区,不限,天使轮,信息安全,117.13673,36.672942,全职,1-3年,"['技能培训', '五险一金', '专项奖金', '股票期权']"
367,3521114,Python开发工程师,北京,2018-04-26 16:29:30,18.2,25592,新浪网,新浪网技术（中国）有限公司,2000人以上,海淀区,本科,上市公司,文化娱乐,116.276316,40.041543,全职,1-3年,"['免费班车', '岗位晋升', '五险一金', '定期体检']"
368,4325038,Python开发工程师,北京,2018-04-11 16:16:30,14.0,66824,SpeedyCloud,北京迅达云成科技有限公司,50-150人,朝阳区,本科,B轮,数据服务,116.49033,39.97426,全职,3-5年,"['节日礼物', '年底双薪', '绩效奖金', '岗位晋升']"
369,845185,Python开发工程师,珠海,2018-05-02 15:36:55,10.8,76059,轼域科技,珠海轼域网络科技有限公司,15-50人,,不限,A轮,"移动互联网,电子商务",113.507254,22.226741,全职,1-3年,"['带薪年假', '提供零食', '绩效奖金', '年度旅游']"
370,4496876,高级python开发工程师,上海,2018-05-02 09:50:44,28.0,223674,果雪科技,上海果雪信息科技有限公司,50-150人,闵行区,本科,A轮,移动互联网,121.3555,31.158875,全职,5-10年,"['年底双薪', '带薪年假', '午餐补助', '通讯津贴']"
371,4503592,Python开发工程师,重庆,2018-05-02 00:59:31,8.4,279936,Surveycq,北京视维腾越科技有限公司重庆分公司,50-150人,大渡口区,本科,未融资,"移动互联网,电子商务",0.0,0.0,全职,1-3年,[]
372,4021354,Python开发,上海,2018-04-26 09:43:04,12.0,118456,江村市隐,上海江村市隐智能科技有限公司,50-150人,浦东新区,本科,不需要融资,"移动互联网,企业服务",121.60192,31.20621,全职,1-3年,"['年底双薪', '带薪年假', '午餐补助', '绩效奖金']"
373,4391851,python软件工程师助理/python程序员,苏州,2018-05-02 16:41:48,4.8,233304,燃网络,南京网燃网络科技有限公司,少于15人,姑苏区,大专,未融资,"移动互联网,游戏",120.59949,31.308689,全职,不限,[]
374,4455915,python开发工程师,北京,2018-04-27 11:36:47,21.0,165331,深极智能,北京深极智能科技有限公司,少于15人,海淀区,本科,天使轮,其他,116.349408,39.975023,全职,1-3年,[]
375,4252129,Python研发工程师,上海,2018-04-28 13:56:53,14.0,41209,DAOCLOUD,上海道客网络科技有限公司,150-500人,杨浦区,本科,A轮,"企业服务,数据服务",121.51801,31.30932,全职,1-3年,"['工程师文化', '业界大牛', '改变世界', '豪华团队']"
376,4264881,python工程师,苏州,2018-04-27 09:42:03,13.2,129586,梦嘉信息,苏州梦嘉信息技术有限公司,150-500人,工业园区,本科,不需要融资,"移动互联网,电子商务",0.0,0.0,全职,3-5年,[]
377,3134638,Python工程师,北京,2018-04-23 10:41:06,28.0,186215,群星科技,北京群星闪耀科技有限公司,15-50人,海淀区,本科,不需要融资,移动互联网,116.336208,39.976456,全职,3-5年,"['午餐补助', '弹性工作', '扁平管理', '五险一金']"
378,4414080,python研发工程师,上海,2018-04-16 10:58:04,17.0,239050,有个机器人,上海有个机器人有限公司,15-50人,长宁区,不限,A轮,"硬件,其他",121.434399,31.21972,全职,3-5年,"['股票期权', '带薪年假', '定期体检', '弹性工作']"
379,4362798,高级Python开发工程师,北京,2018-04-08 17:17:40,33.0,6996,智融集团,北京智融时代科技有限公司,150-500人,海淀区,本科,C轮,金融,116.345834,39.977454,全职,3-5年,"['股票期权', '绩效奖金', '五险一金', '带薪年假']"
380,1900054,Python软件开发工程师,上海,2018-05-02 11:00:30,17.8,98723,阿基米德fm,阿基米德（上海）传媒有限公司,50-150人,长宁区,本科,B轮,"移动互联网,电子商务",121.40759022,31.19703959,全职,1-3年,"['年底双薪', '带薪年假', '绩效奖金', '扁平管理']"
381,4186140,Python工程师,上海,2018-04-28 14:43:52,21.0,202104,趣头条,上海基分文化传播有限公司,500-2000人,浦东新区,大专,不需要融资,移动互联网,121.624653,31.226515,全职,3-5年,"['专项奖金', '带薪年假', '弹性工作', '管理规范']"
382,4409258,高级python开发,苏州,2018-04-28 11:39:20,19.0,22481,问卷网@爱调研,上海众言网络科技有限公司,150-500人,工业园区,本科,B轮,移动互联网,120.732665,31.264799,全职,3-5年,"['技能培训', '节日礼物', '年底双薪', '绩效奖金']"
383,4180596,Python软件开发工程师,广州,2018-05-03 09:10:55,3.8,257650,广州玖维信息科技有限公司,广州玖维信息科技有限公司,150-500人,天河区,大专,上市公司,"移动互联网,数据服务",113.407233,23.129143,全职,1年以下,"['年底双薪', '专项奖金', '年终分红', '带薪年假']"
384,4152835,python,上海,2018-04-28 14:47:13,10.8,128998,江苏亿科达,上海海万信息科技股份有限公司,500-2000人,浦东新区,本科,不需要融资,"移动互联网,金融",0.0,0.0,全职,3-5年,[]
385,4302287,实习Python工程师,北京,2018-05-02 13:39:16,6.2,260173,星尘数据,北京星尘纪元智能科技有限公司,15-50人,朝阳区,本科,A轮,"数据服务,移动互联网",116.451033,39.932386,全职,不限,"['股票期权', '带薪年假', '交通补助', '弹性工作']"
386,4381203,python高级开发工程师,北京,2018-05-02 11:37:47,28.0,534,京东金融,京东金融,2000人以上,大兴区,本科,上市公司,金融,116.564383,39.786038,全职,3-5年,"['供应链金融', '消费金融', '众筹业务', '支付业务']"
387,4333746,python后台开发工程师,北京,2018-05-02 10:06:53,19.0,3786,宜信,普信恒业科技发展（北京）有限公司,2000人以上,朝阳区,本科,上市公司,金融,0.0,0.0,全职,3-5年,"['管理规范', '技能培训', '扁平管理', '弹性工作']"
388,2756446,高级Python开发,深圳,2018-05-02 09:27:49,19.0,8350,万科物业,万科物业发展有限公司,2000人以上,福田区,本科,不需要融资,"O2O,生活服务",114.062189,22.567856,全职,3-5年,"['社区o2o', '原始股权', '弹性工作制', '互联网+']"
389,2766039,Python 开发工程师,厦门,2018-04-24 18:21:31,7.0,56693,Datartisan 数据工匠,厦门数析信息科技有限公司,少于15人,湖里区,本科,天使轮,"企业服务,数据服务",118.138084,24.516323,全职,1年以下,"['朝十晚六', 'brt直达', '股票期权', '年终分红']"
390,4147119,Python开发工程师,上海,2018-04-28 13:56:54,28.0,41209,DAOCLOUD,上海道客网络科技有限公司,150-500人,杨浦区,本科,A轮,"企业服务,数据服务",121.51801,31.30932,全职,3-5年,"['工程师文化', '业界大牛', '改变世界', '豪华团队']"
391,3507017,高级Python工程师,上海,2018-04-17 17:29:26,21.0,247717,东吴在线,东吴（苏州）金融科技有限公司,15-50人,浦东新区,本科,A轮,"金融,移动互联网",121.534267,31.213138,全职,3-5年,[]
392,4178341,Python开发工程师,深圳,2018-05-03 09:22:23,21.0,242855,哈哈便利,武汉市哈哈便利科技有限公司,50-150人,南山区,本科,A轮,"硬件,移动互联网",113.936839,22.523913,全职,3-5年,"['股票期权', '年终分红', '专项奖金']"
393,4363962,Python开发工程师,成都,2018-05-02 17:01:53,12.0,157720,成都之维安科技股份有限公司,成都之维安科技股份有限公司,150-500人,武侯区,本科,上市公司,"移动互联网,电子商务",104.028702,30.6387,全职,5-10年,"['年底双薪', '股票期权', '年终分红', '绩效奖金']"
394,4348527,java/python　研发,厦门,2018-05-02 10:35:11,7.0,354699,Jcubing,厦门今立方科技有限公司,15-50人,集美区,本科,不需要融资,"移动互联网,企业服务",118.050022,24.605959,全职,1-3年,"['""""']"
395,4168752,Python高级开发工程师,北京,2018-05-02 10:28:45,21.0,128115,爱狄特,北京爱狄特信息科技有限公司,150-500人,东城区,本科,不需要融资,"数据服务,其他",116.44223134,39.93624601,全职,5-10年,"['专项奖金', '绩效奖金', '年底双薪', '股票期权']"
396,3965037,Python工程师J10008,北京,2018-04-23 12:19:24,24.0,7600,TalkingData,北京腾云天下科技有限公司,500-2000人,东城区,本科,C轮,移动互联网,116.435652,39.948181,全职,不限,"['精英团队', '扁平管理', '海量数据', '弹性工作']"
397,4123246,Python工程师,上海,2018-04-16 17:06:05,21.0,56474,NextTao 互道信息,互道信息技术（上海）有限公司,50-150人,浦东新区,本科,B轮,"移动互联网,电子商务",121.60319,31.200039,全职,3-5年,"['节日礼物', '技能培训', '年底双薪', '绩效奖金']"
398,3666616,Python开发工程师,北京,2018-05-02 13:43:19,21.0,231919,新一代互联网旅行社平台,北京撞见旅行国际旅行社有限公司,50-150人,朝阳区,本科,不需要融资,"企业服务,旅游",116.436299,39.916362,全职,5-10年,"['专项奖金', '绩效奖金', '各种奖金']"
399,3313488,Python,武汉,2018-04-25 12:47:01,21.0,16831,武汉佰钧成技术有限公司,武汉佰钧成技术有限责任公司,2000人以上,东湖新技术开发区,大专,不需要融资,移动互联网,114.538478,30.489386,全职,3-5年,"['带薪年假', '计算机软件', '管理规范', '定期体检']"
400,3885178,Python软件开发工程师,北京,2018-04-25 12:31:15,28.0,292633,财税智库,财税智库(北京)大数据科技股份有限公司,50-150人,海淀区,本科,A轮,移动互联网,0.0,0.0,全职,3-5年,"['""""']"
401,4226536,Python开发工程师,北京,2018-05-02 11:08:27,14.0,208601,航天十二院,中国航天系统科学与工程研究院,50-150人,海淀区,本科,不需要融资,其他,116.313081,39.923014,全职,3-5年,[]
402,4162919,Python软件工程师,上海,2018-05-02 10:28:48,14.0,144065,微科数据,上海微科数据科技有限公司,15-50人,徐汇区,本科,不需要融资,"金融,数据服务",121.44471,31.195352,全职,3-5年,"['专项奖金', '扁平管理', '领导好', '技能培训']"
403,3727971,Python交易开发工程师,深圳,2018-05-02 10:13:58,16.4,3956,盖威,深圳市盖威科技有限公司,150-500人,南山区,本科,不需要融资,金融,113.9422,22.54878,全职,3-5年,"['绩效奖金', '五险一金', '交通补助', '带薪年假']"
404,4201848,Python开发经理,北京,2018-04-28 16:30:04,26.0,27298,蓝信移动（北京）科技有限公司,蓝信移动（北京）科技有限公司,150-500人,朝阳区,本科,B轮,移动互联网,116.490161,39.982669,全职,5-10年,"['技能培训', '食堂三餐美食', '细分领域第一', '实干型团队！']"
405,4362195,Python开发工程师,广州,2018-04-25 16:23:46,14.0,22862,上海中软华腾软件系统有限公司,上海中软华腾软件系统有限公司,2000人以上,天河区,本科,上市公司,"企业服务,金融",113.332464,23.134217,全职,3-5年,"['年底双薪', '绩效奖金', '带薪年假', '定期体检']"
406,2766411,高级python研发工程师,北京,2018-04-25 10:27:28,28.0,43462,云途腾,北京云途腾科技有限责任公司,50-150人,海淀区,本科,B轮,数据服务,116.27856026,39.93211061,全职,5-10年,"['节日礼物', '技能培训', '绩效奖金', '年度旅游']"
407,4400315,Python开发工程师,深圳,2018-04-23 19:25:57,14.0,117217,博悦科创,深圳市博悦科创科技有限公司,500-2000人,南山区,大专,不需要融资,移动互联网,113.919651,22.495838,全职,1-3年,"['年底双薪', '定期体检', '绩效奖金', '技能培训']"
408,4491796,Python中级开发工程师,北京,2018-05-03 09:40:53,19.0,91667,聚宽 JoinQuant,北京小龙虾科技有限公司,50-150人,朝阳区,本科,B轮,"金融,数据服务",116.453565,39.907043,全职,不限,"['股票期权', '带薪年假', '扁平管理', '定期体检']"
409,3919473,Python开发工程师,杭州,2018-05-03 09:33:49,21.0,50874,飞享数据,杭州飞享数据技术有限公司,15-50人,滨江区,本科,A轮,"移动互联网,数据服务",120.138282,30.183721,全职,3-5年,"['节日礼物', '技能培训', '绩效奖金', '岗位晋升']"
410,4154756,Python,大连,2018-05-02 18:40:10,12.6,38879,广州碧软,广州碧软信息科技有限公司,500-2000人,甘井子区,大专,不需要融资,"企业服务,金融",121.494509,38.851396,全职,5-10年,"['技能培训', '节日礼物', '专项奖金', '带薪年假']"
411,4353360,Python开发实习生,北京,2018-05-02 09:55:51,5.6,312651,摩尔妈妈,北京摩尔妈咪网络科技有限公司,15-50人,朝阳区,本科,A轮,移动互联网,116.477224,39.95602,实习,应届毕业生,"['年底双薪', '股票期权', '定期体检', '带薪年假']"
412,4478902,高级Python开发工程师,福州,2018-04-25 11:38:32,15.2,173334,龙腾简合,福州龙腾简合网络技术有限公司,150-500人,台江区,不限,未融资,"游戏,移动互联网",39.897445,116.331398,全职,3-5年,[]
413,2452963,Python,郑州,2018-04-22 10:43:41,7.0,64166,大河网,大河网络传媒有限公司,150-500人,中原区,本科,不需要融资,文化娱乐,113.5759097,34.80743972,全职,1-3年,"['节日礼物', '年底双薪', '专项奖金', '带薪年假']"
414,4060946,python软件工程师助理/python程序员+双,苏州,2018-05-02 09:47:50,4.8,233304,燃网络,南京网燃网络科技有限公司,少于15人,姑苏区,大专,未融资,"移动互联网,游戏",120.59949,31.308689,全职,不限,[]
415,4153909,Python开发工程师,杭州,2018-04-18 14:33:58,11.2,29373,微链welian.com,杭州传送门网络科技有限公司,50-150人,西湖区,大专,B轮,社交网络,120.12456377,30.29239097,全职,1-3年,"['初创企业', '互联网化', '去中心化', '领导Nice']"
416,3202532,Python开发工程师,深圳,2018-04-13 13:13:40,22.8,50285,众禄基金,深圳众禄基金销售股份有限公司,150-500人,罗湖区,本科,上市公司,"移动互联网,金融",114.106642,22.565383,全职,1-3年,"['股票期权', '绩效奖金', '带薪年假', '通讯津贴']"
417,4147279,Python研发实习生,上海,2018-05-02 16:31:14,4.8,33219,斗象科技,上海斗象信息科技有限公司,50-150人,浦东新区,不限,B轮,信息安全,121.58109,31.198289,实习,应届毕业生,"['节日礼物', '技能培训', '股票期权', '专项奖金']"
418,4478698,python开发工程师,广州,2018-05-02 14:12:53,11.8,158967,猫玩互娱,广州猫玩网络科技有限公司,150-500人,天河区,大专,不需要融资,游戏,113.340117,23.125725,全职,3-5年,"['年底双薪', '股票期权', '绩效奖金', '带薪年假']"
419,4452224,高级Python工程师,北京,2018-05-02 11:48:43,35.0,321870,iHandy,北京汉迪移动互联网科技股份有限公司,150-500人,海淀区,本科,不需要融资,移动互联网,116.339299,39.992408,全职,3-5年,"['带薪年假', '定期体检', '文化open', '美女多']"
420,4063982,python软件工程师助理/python程序员双休,无锡,2018-05-02 09:47:50,4.8,233304,燃网络,南京网燃网络科技有限公司,少于15人,崇安区,大专,未融资,"移动互联网,游戏",120.307543,31.571228,全职,1年以下,[]
421,3828811,Python高级开发工程师,北京,2018-04-27 09:45:54,19.0,8861,妙计旅行,北京汇行科技有限公司,150-500人,东城区,本科,B轮,旅游,116.41498,39.94801,全职,1-3年,"['股票期权', '十四薪', '零食饮料水果', '团队氛围好']"
422,3988199,资深开发工程师-C/Python,南京,2018-04-24 14:41:16,21.0,211621,顶象,北京顶象技术有限公司,50-150人,雨花台区,本科,A轮,"信息安全,企业服务",118.777101,31.975756,全职,3-5年,"['股票期权', '带薪年假', '弹性工作', '五险一金']"
423,4428121,高级Python工程师,北京,2018-04-16 16:21:42,33.0,286452,今晨盛辉,北京今晨盛辉信息技术有限公司,50-150人,朝阳区,本科,不需要融资,金融,116.492054,39.996385,全职,5-10年,"['带薪年假', '年终分红', '扁平管理', '合规有牌照']"
424,4386965,Python服务端工程师/Python开发工程师,广州,2018-05-02 21:12:07,10.8,257806,前海易物,前海易物（深圳）电子商务有限公司广州分公司,150-500人,海珠区,大专,A轮,"电子商务,移动互联网",113.404813,23.092222,全职,1年以下,"['绩效奖金', '交通补助', '定期体检', '带薪年假']"
425,4238412,python工程师,杭州,2018-05-02 16:26:55,14.4,141853,杭州博博科技有限公司,杭州博博科技有限公司,15-50人,余杭区,本科,天使轮,"移动互联网,医疗健康",120.110896,30.340566,全职,3-5年,"['年底双薪', '绩效奖金', '年终分红', '带薪年假']"
426,3647463,Python工程师,厦门,2018-05-02 14:44:50,11.2,128288,渊亭信息科技,厦门渊亭信息科技有限公司,15-50人,思明区,不限,天使轮,"数据服务,企业服务",118.192714,24.475856,全职,不限,"['年底双薪', '股票期权', '专项奖金', '绩效奖金']"
427,4297614,实习Python工程师,北京,2018-05-02 13:39:16,7.0,260173,星尘数据,北京星尘纪元智能科技有限公司,15-50人,朝阳区,本科,A轮,"数据服务,移动互联网",116.451033,39.932386,全职,不限,"['股票期权', '带薪年假', '交通补助', '弹性工作']"
428,1680709,Python,北京,2018-05-02 10:21:18,19.0,105868,比太,北京德加才科技有限公司,15-50人,海淀区,本科,天使轮,"移动互联网,企业服务",116.30899,39.981654,全职,3-5年,"['专项奖金', '股票期权', '带薪年假', '绩效奖金']"
429,4283628,python高级开发工程师,上海,2018-05-02 08:53:47,19.4,191872,Zenlayer,上海层峰网络科技有限公司,50-150人,静安区,本科,B轮,"数据服务,移动互联网",121.435759,31.292043,全职,3-5年,"['五险一金', '岗位晋升', '年度旅游', '定期体检']"
430,4119231,高级 Python 研发工程师（上海）,上海,2018-04-28 13:56:53,14.0,41209,DAOCLOUD,上海道客网络科技有限公司,150-500人,杨浦区,本科,A轮,"企业服务,数据服务",121.504233,31.313673,全职,3-5年,"['工程师文化', '业界大牛', '改变世界', '豪华团队']"
431,4229676,Python开发工程师,北京,2018-05-02 18:42:32,14.0,211749,领途教育,领途教育咨询（北京）有限公司,15-50人,海淀区,硕士,天使轮,"教育,数据服务",116.15861,40.065877,全职,应届毕业生,[]
432,4454685,高级python开发,北京,2018-05-02 18:29:09,28.0,143244,鼎晟天成,北京鼎晟天成科技有限公司,50-150人,丰台区,本科,不需要融资,"移动互联网,教育",116.386097,39.85035,全职,3-5年,[]
433,3658363,高级Python开发工程师,北京,2018-05-02 10:50:56,16.8,3038,Gridsum 国双,北京国双科技有限公司,500-2000人,海淀区,本科,上市公司,"数据服务,企业服务",116.33175,39.97599007,全职,1-3年,"['年度旅游', '节日礼物', '年底双薪', '带薪年假']"
434,3459907,资深Python开发工程师,上海,2018-05-02 10:03:41,25.2,128830,CloudChef,上海骞云信息科技有限公司,50-150人,杨浦区,本科,B轮,"企业服务,数据服务",121.545889,31.276121,全职,3-5年,"['年底双薪', '股票期权', '带薪年假', '定期体检']"
435,3325916,高级Python开发工程师,深圳,2018-05-02 09:44:50,18.2,76066,晶泰科技,深圳晶泰科技有限公司,50-150人,福田区,本科,B轮,"企业服务,医疗健康",114.022503,22.53472,全职,1-3年,"['节日礼物', '股票期权', '岗位晋升', '扁平管理']"
436,4164099,后端开发工程师（Python）,上海,2018-05-02 09:41:20,33.0,7030,触宝,上海触乐信息科技有限公司,150-500人,徐汇区,本科,D轮及以上,"移动互联网,数据服务",121.393969,31.172406,全职,3-5年,"['管理扁平', '发展空间大', '行业独角兽', '带薪年假病假']"
437,4460541,Python开发工程师,北京,2018-05-02 08:50:57,26.0,329,网易,网易（杭州）有限公司,2000人以上,海淀区,本科,上市公司,"电子商务,移动互联网",116.27611,40.04277,全职,应届毕业生,"['节日礼物', '技能培训', '免费班车', '带薪年假']"
438,3543641,python高级工程师,北京,2018-05-01 21:36:14,19.0,109317,灵犀联云,北京灵犀联云科技有限公司,50-150人,朝阳区,本科,B轮,"企业服务,数据服务",116.474678,40.019216,全职,3-5年,"['BAT大牛', '大数据', 'A轮空间大', '知识分享']"
439,4261469,Python高级开发工程师,北京,2018-04-26 16:39:43,19.0,203500,坚果金服,北京坚果金服科技有限公司,150-500人,朝阳区,大专,不需要融资,金融,116.481049,39.996796,全职,1-3年,[]
440,4451387,Python开发工程师,长春,2018-04-24 09:36:39,8.8,369494,吉林卡普林科技有限公司,吉林卡普林科技有限公司,15-50人,朝阳区,大专,天使轮,移动互联网,125.290108,43.841298,全职,1-3年,"['""""']"
441,2483626,Python,北京,2018-05-02 15:15:54,17.8,31395,灵雀云,北京凌云雀科技有限公司,150-500人,海淀区,本科,B轮,"数据服务,企业服务",115.99339,39.99426,全职,不限,"['股票期权', '顶级技术团队', '带薪年假', '国际化管理']"
442,4177079,python工程师(北京),北京,2018-05-02 14:29:49,19.0,78224,码隆科技,深圳码隆科技有限公司,50-150人,海淀区,本科,B轮,移动互联网,116.306337,39.981802,全职,1-3年,"['技术大牛集聚', '扁平管理', '五险一金', '领导好']"
443,4504639,AI平台Python研发工程师,北京,2018-05-02 10:57:28,28.0,50702,美团点评,北京三快在线科技有限公司,2000人以上,朝阳区,本科,D轮及以上,"移动互联网,O2O",0.0,0.0,全职,3-5年,"['技能培训', '绩效奖金', '岗位晋升', '领导好']"
444,4070522,Python后端开发工程师,北京,2018-05-02 09:32:03,31.0,29795,罗辑思维,北京思维造物信息科技有限公司,150-500人,朝阳区,本科,B轮,"移动互联网,文化娱乐",115.99339,39.99426,全职,3-5年,"['专项奖金', '扁平管理', '帅哥多', '领导好']"
445,4357330,Python开发工程师,北京,2018-04-25 10:55:23,15.2,136978,玖富集团,玖富金科控股集团有限责任公司,2000人以上,朝阳区,本科,C轮,金融,116.4791,39.99522,全职,1-3年,"['绩效奖金', '免费班车', '五险一金', '部门旅游']"
446,4438910,python开发工程师,合肥,2018-04-24 14:41:08,8.4,85486,深圳国泰安合肥分公司,安徽国泰安教育科技有限公司,500-2000人,高新区,本科,D轮及以上,"移动互联网,数据服务",117.13432,31.8353,全职,3-5年,"['技能培训', '节日礼物', '带薪年假', '岗位晋升']"
447,4352609,Python,清远,2018-04-23 16:12:56,6.8,355881,帕克文化,清远市帕克文化传媒有限公司,少于15人,清城区,本科,未融资,社交网络 移动互联网,113.04842,23.63354,全职,不限,"['""""']"
448,3550448,Python开发工程师,深圳,2018-04-13 13:13:39,22.8,50285,众禄基金,深圳众禄基金销售股份有限公司,150-500人,罗湖区,大专,上市公司,"移动互联网,金融",114.106642,22.565383,全职,3-5年,"['股票期权', '绩效奖金', '带薪年假', '通讯津贴']"
449,3851850,python开发工程师,深圳,2018-04-23 12:18:21,21.0,184532,Bello,深圳呗佬智能有限公司,15-50人,南山区,本科,A轮,移动互联网,113.938223,22.523806,全职,3-5年,[]
450,3550448,Python开发工程师,深圳,2018-04-13 13:13:39,22.8,50285,众禄基金,深圳众禄基金销售股份有限公司,150-500人,罗湖区,大专,上市公司,"移动互联网,金融",114.106642,22.565383,全职,3-5年,"['股票期权', '绩效奖金', '带薪年假', '通讯津贴']"
451,3851850,python开发工程师,深圳,2018-04-23 12:18:21,21.0,184532,Bello,深圳呗佬智能有限公司,15-50人,南山区,本科,A轮,移动互联网,113.938223,22.523806,全职,3-5年,[]
452,4385865,运维工程师/python开发,上海,2018-04-09 09:47:40,14.0,94614,实投互联网金融,实投（上海）互联网金融信息服务有限公司,150-500人,静安区,本科,A轮,"移动互联网,金融",121.46232,31.227769,全职,3-5年,"['节日礼物', '年底双薪', '专项奖金', '带薪年假']"
453,3940537,高级python开发工程师,深圳,2018-05-03 08:59:25,19.0,69152,博奥特科技,深圳市博奥特科技有限公司,150-500人,福田区,大专,未融资,"移动互联网,金融",114.082005,22.542374,全职,3-5年,"['绩效奖金', '领导好', '帅哥多', '美女多']"
454,4096249,python工程师,广州,2018-05-02 15:27:46,16.2,170256,深圳触云科技,深圳触云科技有限公司,50-150人,海珠区,本科,B轮,"移动互联网,数据服务",0.0,0.0,全职,1-3年,"['年底双薪', '专项奖金', '股票期权', '带薪年假']"
455,4475173,python开发实习生（晋升快+不加班）,无锡,2018-05-02 14:32:53,4.8,233304,燃网络,南京网燃网络科技有限公司,少于15人,崇安区,大专,未融资,"移动互联网,游戏",120.307543,31.571228,全职,1年以下,[]
456,4145976,Python开发工程师,北京,2018-05-02 09:21:31,12.0,61844,国信优易,国信优易数据有限公司,150-500人,丰台区,本科,B轮,数据服务,116.288308,39.826493,全职,1-3年,"['年底双薪', '技能培训', '绩效奖金', '岗位晋升']"
457,1942854,Python研发工程师,北京,2018-04-25 17:21:44,17.8,125102,格上添富,北京格上添富科技发展有限公司,150-500人,朝阳区,本科,不需要融资,"移动互联网,金融",116.4606662,39.92974566,全职,3-5年,"['绩效奖金', '带薪年假', '午餐补助', '定期体检']"
458,4449389,python,大连,2018-04-19 14:04:07,6.8,64174,大华人和,大华人和信息技术(大连)有限公司,50-150人,甘井子区,大专,不需要融资,"企业服务,移动互联网",121.52957,38.858434,全职,1-3年,"['带薪年假', '交通补助', '节日礼物', '技能培训']"
459,3910159,Python,武汉,2018-05-02 11:09:16,7.0,52301,研众科技,武汉研众科技有限公司,少于15人,洪山区,本科,天使轮,"移动互联网,O2O",114.355515,30.526514,全职,1-3年,"['股票期权', '岗位晋升', '扁平管理', '管理规范']"
460,4249718,Python开发工程师,北京,2018-05-02 10:41:42,24.8,29496,闪银奇异,北京闪银奇异科技有限公司,500-2000人,朝阳区,本科,D轮及以上,"移动互联网,金融",116.466601,39.93431,全职,3-5年,"['13~15薪', '晋升空间大', '定期体检', '能力定薪']"
461,3604427,python工程师,南京,2018-05-02 09:12:11,8.4,56632,TopXGun,上海拓攻机器人有限公司,50-150人,雨花台区,大专,A轮,硬件,118.764405,31.970577,全职,1-3年,"['带薪年假', '帅哥多', '美女多', '领导好']"
462,4502237,python,北京,2018-04-29 16:16:07,26.0,269343,coinbene,原子链（北京）科技有限公司,15-50人,朝阳区,本科,天使轮,"移动互联网,金融",0.0,0.0,全职,3-5年,"['股票期权', '午餐补助', '绩效奖金', '五险一金']"
463,3894260,python开发工程师,北京,2018-04-28 13:52:33,19.0,150885,微步在线,北京微步在线科技有限公司,50-150人,海淀区,本科,B轮,信息安全,0.0,0.0,全职,3-5年,"['股票期权', '带薪年假', '五险一金', '扁平管理']"
464,4450303,python,深圳,2018-04-27 12:49:13,36.0,265580,东盛,东盛华达（武汉）企业管理咨询有限公司,150-500人,宝安区,本科,不需要融资,"移动互联网,电子商务",113.871847,22.562544,全职,5-10年,[]
465,3882263,Python开发工程师,北京,2018-04-17 17:46:19,19.0,30118,影谱科技,北京影谱科技股份有限公司,50-150人,东城区,本科,上市公司,"文化娱乐,广告营销",116.43673,39.940301,全职,3-5年,"['年度旅游', '定期休假', '七险一金', '午餐补助']"
466,3409255,Python后端开发工程师,厦门,2018-05-03 09:23:05,10.8,19313,网宿科技,网宿科技股份有限公司北京分公司,2000人以上,思明区,本科,上市公司,移动互联网,118.182171,24.483892,全职,3-5年,"['年底双薪', '五险一金', '交通补助', '带薪年假']"
467,3781902,中高级python开发工程师,深圳,2018-05-03 08:59:24,21.0,69152,博奥特科技,深圳市博奥特科技有限公司,150-500人,福田区,大专,未融资,"移动互联网,金融",114.082005,22.542374,全职,3-5年,"['绩效奖金', '领导好', '帅哥多', '美女多']"
468,3938596,Python开发工程师,广州,2018-05-02 18:15:14,12.4,130684,咏声动漫,广东咏声动漫股份有限公司,150-500人,越秀区,不限,上市公司,文化娱乐,113.314347,23.140391,全职,3-5年,[]
469,4506355,后端开发工程师（Python）,广州,2018-05-02 14:40:09,10.8,271,有米科技,有米科技股份有限公司,500-2000人,番禺区,本科,上市公司,"移动互联网,广告营销",0.0,0.0,全职,1-3年,"['绩效奖金', '股票期权', '专项奖金', '五险一金']"
470,3897554,Python / PHP 后端开发工程师,大连,2018-05-02 14:18:39,5.6,43518,智趣信息,大连智趣信息技术有限公司,15-50人,沙河口区,大专,未融资,移动互联网,121.588129,38.913737,全职,1-3年,"['技能培训', '节日礼物', '专项奖金', '绩效奖金']"
471,2094102,Python开发工程师,北京,2018-05-01 23:29:18,26.0,18713,合心科技,北京启明合心科技有限公司,15-50人,海淀区,本科,A轮,"移动互联网,教育",116.344462,39.976877,全职,1-3年,"['扁平管理', '最优秀的伙伴', '弹性工作', '公司午晚餐']"
472,3819005,存储应用开发工程师-Java/GO/Python,北京,2018-04-27 17:20:21,24.8,83585,XSKY,星辰天合（北京）数据科技有限公司,150-500人,海淀区,本科,B轮,企业服务,116.28944,39.96065,全职,3-5年,"['股票期权', '带薪年假', '绩效奖金', '定期体检']"
473,4141341,python程序员,泉州,2018-04-27 16:56:30,8.4,280899,国脉生物,福建国脉生物科技有限公司,50-150人,丰泽区,大专,未融资,医疗健康,118.55745,24.868594,全职,1-3年,[]
474,4420382,python工程师,北京,2018-04-25 11:01:48,17.6,22884,花生米富,小小黛朵（北京）科技有限公司,150-500人,海淀区,大专,B轮,"移动互联网,金融",116.304668,39.986318,全职,3-5年,"['股票期权', '年底双薪', '带薪年假', '功夫熊按摩']"
475,3010852,Python后端开发工程师,北京,2018-05-02 11:35:34,28.0,116093,Castbox,克鲁（北京）网络科技有限公司,50-150人,朝阳区,本科,B轮,"移动互联网,文化娱乐",116.476555,39.989643,全职,3-5年,"['股票期权', '弹性工作', '六险一金', '免费按摩']"
476,4224010,Python 开发工程师,北京,2018-05-02 11:30:38,19.0,29496,闪银奇异,北京闪银奇异科技有限公司,500-2000人,朝阳区,本科,D轮及以上,"移动互联网,金融",116.466553,39.934441,全职,3-5年,"['13~15薪', '晋升空间大', '定期体检', '能力定薪']"
477,4214073,Python开发工程师,武汉,2018-05-03 08:40:47,9.6,54450,星云海数字科技,星云海数字科技股份有限公司,2000人以上,汉阳区,本科,不需要融资,电子商务,114.204257,30.547894,全职,3-5年,"['技能培训', '岗位晋升', '扁平管理', '管理规范']"
478,3417800,【高级python工程师】,北京,2018-05-01 21:34:11,21.2,109317,灵犀联云,北京灵犀联云科技有限公司,50-150人,朝阳区,本科,B轮,"企业服务,数据服务",116.474678,40.019216,全职,3-5年,"['BAT大牛', '大数据', 'A轮空间大', '知识分享']"
479,3911343,中级Python开发工程师,上海,2018-04-25 11:53:05,19.0,165,UCloud,上海优刻得信息科技有限公司,500-2000人,杨浦区,本科,D轮及以上,"数据服务,企业服务",121.99341,30.994275,全职,3-5年,"['节日礼物', '技能培训', '股权激励计划', '代码改变世界']"
480,3782333,python开发工程师,深圳,2018-04-18 09:37:33,14.0,69152,博奥特科技,深圳市博奥特科技有限公司,150-500人,福田区,大专,未融资,"移动互联网,金融",114.082005,22.542374,全职,1-3年,"['绩效奖金', '领导好', '帅哥多', '美女多']"
481,4359113,【广州】后端开发工程师（Python）,广州,2018-05-02 09:41:20,19.0,7030,触宝,上海触乐信息科技有限公司,150-500人,天河区,本科,D轮及以上,"移动互联网,数据服务",113.321998,23.126089,全职,1-3年,"['管理扁平', '发展空间大', '行业独角兽', '带薪年假病假']"
482,3682270,高级Python开发工程师,北京,2018-04-26 14:35:03,28.0,1561,Face++,北京旷视科技有限公司,500-2000人,海淀区,本科,C轮,"移动互联网,硬件",0.0,0.0,全职,3-5年,"['科技大牛公司', '自助三餐', '年终多薪', '超长带薪假期']"
483,4280323,Python开发工程师,长沙,2018-04-04 14:41:28,10.8,319965,中名网络,湖南中名网络科技有限公司,15-50人,岳麓区,不限,不需要融资,移动互联网 数据服务,0.0,0.0,全职,不限,[]
484,3687387,资深Python开发工程师,北京,2018-05-02 19:48:54,27.2,7000,FreeWheel,飞维美地信息技术（北京）有限公司,500-2000人,朝阳区,本科,上市公司,"企业服务,数据服务",116.471469,39.953193,全职,3-5年,"['技能培训', '绩效奖金', '岗位晋升', '领导好']"
485,3610830,python技术总监,北京,2018-05-02 16:45:47,35.0,100164,千锋教育,北京千锋互联科技有限公司,500-2000人,海淀区,大专,A轮,移动互联网,116.370571,40.037093,全职,3-5年,"['节日礼物', '专项奖金', '股票期权', '带薪年假']"
486,4229699,Python开发,深圳,2018-05-02 09:41:23,24.0,35996,顺丰科技有限公司,顺丰科技有限公司,500-2000人,南山区,本科,不需要融资,"移动互联网,电子商务",113.937987,22.523392,全职,3-5年,"['技能培训', '节日礼物', '带薪年假', '岗位晋升']"
487,3163697,python工程师,深圳,2018-04-28 10:58:37,28.0,84086,笨鸟社交,厦门笨鸟电子商务有限公司,150-500人,南山区,本科,B轮,企业服务,0.0,0.0,全职,1-3年,"['高新企业', '扁平管理', '五险一金', '股票期权']"
488,2891319,Python,上海,2018-04-19 12:24:46,14.0,134118,知助数据,上海知助数据科技有限公司,少于15人,浦东新区,本科,天使轮,"数据服务,企业服务",121.5982,31.2108,全职,不限,[]
489,4350711,Python开发工程师,佛山,2018-04-13 09:26:16,7.6,243865,嘉泰科技,广东嘉泰科技有限公司,15-50人,南海区,本科,不需要融资,"移动互联网,数据服务",113.160803,23.047341,全职,1-3年,[]
490,4387608,python开发工程师,广州,2018-04-09 11:54:05,10.8,24780,诚迈科技,诚迈科技（南京）股份有限公司,2000人以上,天河区,大专,上市公司,移动互联网,113.403859,23.173905,全职,1-3年,"['年底双薪', '专项奖金', '交通补助', '午餐补助']"
491,4361732,Python高级工程师,深圳,2018-05-03 09:42:02,22.8,138506,云之道,云之道（深圳）信息技术有限公司,15-50人,南山区,本科,未融资,"移动互联网,信息安全",113.994059,22.993238,全职,5-10年,[]
492,4292682,Python工程师（智能硬件）,北京,2018-05-02 21:00:19,24.0,9955,学堂在线,北京慕华信息科技有限公司,150-500人,海淀区,本科,B轮,"移动互联网,教育",116.329427,39.99412,全职,5-10年,"['节日礼物', '股票期权', '带薪年假', '氛围轻松']"
493,4389427,数据工程师（偏python开发）,上海,2018-05-02 11:23:38,10.8,47956,厚本金融,上海厚本金融信息服务有限公司,2000人以上,黄浦区,本科,A轮,金融,121.478246,31.205847,全职,1-3年,"['技能培训', '年底双薪', '股票期权', '带薪年假']"
494,4500710,高级python工程师,北京,2018-05-02 10:12:34,42.0,62,字节跳动,北京字节跳动科技有限公司,2000人以上,海淀区,本科,C轮,"移动互联网,数据服务",39.971268,39.971268,全职,3-5年,"['扁平管理', '弹性工作', '大厨定制三餐', '就近租房补贴']"
495,3779480,高级python开发工程师,深圳,2018-04-18 09:37:33,17.8,69152,博奥特科技,深圳市博奥特科技有限公司,150-500人,福田区,大专,未融资,"移动互联网,金融",114.082005,22.542374,全职,5-10年,"['绩效奖金', '领导好', '帅哥多', '美女多']"
496,4500710,高级python工程师,北京,2018-05-02 10:12:34,42.0,62,字节跳动,北京字节跳动科技有限公司,2000人以上,海淀区,本科,C轮,"移动互联网,数据服务",39.971268,39.971268,全职,3-5年,"['扁平管理', '弹性工作', '大厨定制三餐', '就近租房补贴']"
497,4374024,python,天津,2018-04-19 14:04:55,10.8,282876,天津融汇,天津融汇测绘科技有限公司,50-150人,西青区,本科,不需要融资,其他,117.080404,39.059774,全职,不限,[]
498,3838813,Python,北京,2018-04-18 17:53:28,16.8,61174,瓦戈科技,瓦戈科技（上海）有限公司,50-150人,海淀区,本科,A轮,移动互联网,0.0,0.0,全职,3-5年,"['节日礼物', '年度旅游', '岗位晋升', '美女多']"
499,4365036,资深 Python 开发工程师,北京,2018-04-03 11:05:24,33.0,4128,知乎,北京智者天下科技有限公司,500-2000人,海淀区,本科,D轮及以上,"移动互联网,社交网络",116.350094,40.007985,全职,3-5年,"['年底双薪', '股票期权', '带薪年假', '定期体检']"
500,4428102,高级python开发工程师,北京,2018-05-02 11:29:48,34.8,29496,闪银奇异,北京闪银奇异科技有限公司,500-2000人,朝阳区,本科,D轮及以上,"移动互联网,金融",116.466553,39.934441,全职,5-10年,"['13~15薪', '晋升空间大', '定期体检', '能力定薪']"
501,4203328,Python工程师,厦门,2018-04-24 17:42:51,8.4,195142,福农宝,贵州福农宝农业科技有限公司,15-50人,集美区,大专,天使轮,"移动互联网,企业服务",118.072133,24.607156,全职,1-3年,"['年底双薪', '绩效奖金', '带薪年假', '专项奖金']"
502,4264969,python开发工程师,南宁,2018-04-24 09:10:58,5.6,342566,云锋信息科技,广西云锋信息科技有限公司,15-50人,青秀区,本科,未融资,数据服务,108.337993,22.812416,全职,1-3年,"['年底双薪', '带薪年假', '年度旅游', '岗位晋升']"
503,4206282,python工程师,北京,2018-04-23 11:12:03,28.0,36162,作业盒子,北京作业盒子科技有限公司,500-2000人,朝阳区,本科,C轮,"移动互联网,教育",116.480284,39.996202,全职,3-5年,"['技能培训', '年底双薪', '节日礼物', '年度旅游']"
504,3265326,Python开发工程师,北京,2018-04-12 10:39:52,15.2,122289,超对称,超对称（北京）科技有限公司,15-50人,朝阳区,本科,A轮,"移动互联网,企业服务",116.480792,39.996,全职,1-3年,"['股票期权', '带薪年假', '弹性工作', '五险一金']"
505,3152678,搜狗海外输入法-Python高级开发工程师,北京,2018-05-02 17:13:52,28.0,1537,搜狗,北京搜狗科技发展有限公司,2000人以上,海淀区,本科,上市公司,"移动互联网,数据服务",116.33254,39.99366006,全职,3-5年,"['岗位晋升', '扁平管理', '管理规范', '精英团队']"
506,4120873,Python开发工程师（数据方向）,杭州,2018-05-02 10:13:25,17.0,42868,Club Factory,杭州嘉云数据科技有限公司,150-500人,西湖区,本科,C轮,"电子商务,移动互联网",120.124444,30.277356,全职,1-3年,"['海量大数据', '世界级产品', 'AI', '智能供应链']"
507,3016672,python开发工程师,北京,2018-04-27 17:46:51,14.0,43907,博云,苏州博纳讯动软件有限公司,150-500人,海淀区,本科,B轮,"移动互联网,企业服务",116.370929,39.968827,全职,1-3年,"['凝聚力强', '客户群广', '发展迅速', '团队年轻']"
508,3911321,资深Python开发工程师,上海,2018-04-25 11:53:05,29.0,165,UCloud,上海优刻得信息科技有限公司,500-2000人,杨浦区,本科,D轮及以上,"数据服务,企业服务",121.99341,30.994275,全职,5-10年,"['节日礼物', '技能培训', '股权激励计划', '代码改变世界']"
509,4317425,高级python开发工程师,北京,2018-04-25 09:37:44,24.0,73043,百融金服,百融（北京）金融信息服务股份有限公司,500-2000人,海淀区,本科,B轮,"金融,数据服务",115.99339,39.99426,全职,3-5年,"['技能培训', '股票期权', '带薪年假', '定期体检']"
510,3016672,python开发工程师,北京,2018-04-27 17:46:51,14.0,43907,博云,苏州博纳讯动软件有限公司,150-500人,海淀区,本科,B轮,"移动互联网,企业服务",116.370929,39.968827,全职,1-3年,"['凝聚力强', '客户群广', '发展迅速', '团队年轻']"
511,3911321,资深Python开发工程师,上海,2018-04-25 11:53:05,29.0,165,UCloud,上海优刻得信息科技有限公司,500-2000人,杨浦区,本科,D轮及以上,"数据服务,企业服务",121.99341,30.994275,全职,5-10年,"['节日礼物', '技能培训', '股权激励计划', '代码改变世界']"
512,4317425,高级python开发工程师,北京,2018-04-25 09:37:44,24.0,73043,百融金服,百融（北京）金融信息服务股份有限公司,500-2000人,海淀区,本科,B轮,"金融,数据服务",115.99339,39.99426,全职,3-5年,"['技能培训', '股票期权', '带薪年假', '定期体检']"
513,4452131,Python工程师,深圳,2018-04-19 17:33:00,19.0,4558,火币网,北京火币天下网络技术有限公司,150-500人,南山区,本科,A轮,"移动互联网,金融",113.958713,22.543467,全职,3-5年,"['红杉资本', '实现跨境支付', '优秀指导人', '自由货币']"
514,4189981,急聘python攻城狮,上海,2018-05-02 12:40:05,19.0,86188,vonvon,浚皙商务咨询（上海）有限公司,少于15人,长宁区,本科,不需要融资,"社交网络,游戏",121.407427,31.207099,全职,3-5年,"['节日礼物', '韩语英语氛围', '扁平管理', '领导好']"
515,3479069,研发工程师-Golang/Python,北京,2018-05-02 10:53:56,14.0,144451,Plum,致美生活（北京）科技有限公司,50-150人,朝阳区,本科,A轮,"电子商务,生活服务",116.474918,40.012335,全职,1-3年,"['股票期权', '带薪年假', '弹性工作', '不打卡']"
516,4199583,Python开发工程师,深圳,2018-05-01 10:51:09,14.0,147400,酷竞NBA,深圳酷竞科技有限公司,15-50人,南山区,本科,天使轮,"文化娱乐,游戏",113.945711,22.545916,全职,3-5年,"['交通补助', '绩效奖金', '专项奖金', '带薪年假']"
517,4329467,Python软件开发工程师,杭州,2018-04-28 09:11:35,14.0,2380,浙江执御信息技术有限公司,浙江执御信息技术有限公司,2000人以上,拱墅区,本科,B轮,"移动互联网,数据服务",120.11362,30.33344,全职,1-3年,"['五险一金', '带薪年假', '节日礼物', '年度旅游']"
518,3946741,Python高级研发工程师,北京,2018-04-25 11:26:33,29.0,16949,中企动力,中企动力科技股份有限公司,2000人以上,大兴区,大专,上市公司,"电子商务,移动互联网",116.499713,39.782331,全职,3-5年,"['节日礼物', '带薪年假', '绩效奖金', '岗位晋升']"
519,4400489,Python研发工程师,无锡,2018-04-11 09:41:20,6.2,311711,神威云,江苏神威云数据科技有限公司,15-50人,滨湖区,本科,未融资,"移动互联网,数据服务",120.25267,31.546615,全职,1-3年,"['年终分红', '绩效奖金', '午餐补助', '定期体检']"
520,4440437,python开发实习生,广州,2018-05-03 09:36:17,1.4,271,有米科技,有米科技股份有限公司,500-2000人,番禺区,本科,上市公司,"移动互联网,广告营销",113.386434,23.056892,实习,应届毕业生,"['绩效奖金', '股票期权', '专项奖金', '五险一金']"
521,4285303,Python后端开发工程师,成都,2018-05-02 10:52:06,21.0,4128,知乎,北京智者天下科技有限公司,500-2000人,双流区,本科,D轮及以上,"移动互联网,社交网络",104.068901,30.514431,全职,不限,"['年底双薪', '股票期权', '带薪年假', '定期体检']"
522,4489937,Python后端研发工程师,北京,2018-05-02 10:41:19,35.0,18139,京东集团,北京京东世纪贸易有限公司,2000人以上,朝阳区,本科,上市公司,"电子商务,数据服务",116.387477,40.000236,全职,3-5年,"['五险一金', '带薪年假', '免费班车', '定期体检']"
523,4425658,python开发工程师,北京,2018-05-02 09:53:17,22.8,23687,格灵深瞳,北京格灵深瞳信息技术有限公司,50-150人,海淀区,本科,C轮,"企业服务,数据服务",116.377538,40.032391,全职,不限,"['技能培训', '节日礼物', '玩乐项目多', '岗位晋升']"
524,4489591,python开发工程师,成都,2018-05-02 12:13:52,8.8,133738,成都道融世纪,成都市道融世纪信息技术服务有限公司,50-150人,高新区,本科,A轮,"移动互联网,金融",104.069237,30.552319,全职,1-3年,"['绩效奖金', '带薪年假', '定期体检', '美女多']"
525,4393113,Python开发工程师,杭州,2018-04-23 16:12:04,14.0,2380,浙江执御信息技术有限公司,浙江执御信息技术有限公司,2000人以上,拱墅区,本科,B轮,"移动互联网,数据服务",120.11362,30.33344,全职,1-3年,"['五险一金', '带薪年假', '节日礼物', '年度旅游']"
526,4405821,高级开发工程师（Go&amp;Python）,北京,2018-04-26 14:09:20,21.0,956,金山云,北京金山云网络技术有限公司,500-2000人,海淀区,本科,C轮,"移动互联网,数据服务",116.32274,40.03674,全职,3-5年,"['技能培训', '节日礼物', '瑜伽房', '免费班车']"
527,4427909,Python研发工程师,上海,2018-04-25 13:57:03,14.0,341558,佰客云区块链,佰客云（北京）区块链科技有限公司,50-150人,杨浦区,本科,D轮及以上,移动互联网,121.509999,31.307991,全职,3-5年,"['年底双薪', '股票期权', '弹性工作', '帅哥多']"
528,4398669,Python,长沙,2018-04-10 17:33:59,11.2,282080,蘑菇侠,湖南蘑菇侠网络科技有限公司,15-50人,雨花区,不限,天使轮,"游戏,移动互联网",113.038017,28.13771,全职,不限,"['绩效奖金', '年终分红', '弹性工作', '扁平管理']"
529,4468037,python（赴百度）,北京,2018-05-03 09:07:12,11.6,189022,微创,上海微创软件股份有限公司北京分公司,2000人以上,海淀区,本科,上市公司,"移动互联网,电子商务",116.276248,40.041436,全职,1-3年,"['年底双薪', '绩效奖金', '免费班车', '节日礼物']"
530,1744860,Python【实习生】,北京,2018-05-02 14:35:15,7.0,126385,罗威亚科技,北京罗威亚科技有限公司,15-50人,大兴区,本科,天使轮,"移动互联网,硬件",116.513732,39.791937,实习,应届毕业生,"['扁平管理', '技能培训', '弹性工作', '领导好']"
531,4289433,Python开发工程师,北京,2018-05-02 11:48:43,21.0,321870,iHandy,北京汉迪移动互联网科技股份有限公司,150-500人,海淀区,本科,不需要融资,移动互联网,116.339299,39.992408,全职,1-3年,"['带薪年假', '定期体检', '文化open', '美女多']"
532,4169100,Python开发实习生,北京,2018-05-02 11:06:22,3.4,133920,百度视频,北京小度互娱科技有限公司,150-500人,海淀区,本科,A轮,移动互联网,116.283797,40.044435,实习,应届毕业生,"['年底双薪', '带薪年假', '定期体检', '通讯津贴']"
533,4064877,python 开发工程师,上海,2018-05-02 10:10:43,19.0,63922,麦子金服,上海诺诺镑客金融信息服务有限公司,500-2000人,浦东新区,本科,A轮,"移动互联网,金融",121.519043,31.208744,全职,1-3年,"['晋升快速', '年终分红', '管理扁平', '股票期权']"
534,4198045,python工程师,北京,2018-04-23 15:48:48,12.0,104298,北明软件,北明软件有限公司,2000人以上,西城区,本科,上市公司,"移动互联网,数据服务",116.378486,39.958858,全职,不限,"['年底双薪', '股票期权', '专项奖金', '定期体检']"
535,2107313,Python,大连,2018-04-18 17:24:09,8.4,136029,藏宝途,藏宝途（大连）网络科技有限公司,少于15人,高新园区,本科,不需要融资,"移动互联网,电子商务",121.531037,38.863299,全职,1-3年,"['扁平化管理', '带薪年假', '五险一金', '年轻化团队']"
536,3237082,高级开发工程师-Python/Java/Go,北京,2018-05-02 18:24:38,33.0,534,京东金融,京东金融,2000人以上,大兴区,本科,上市公司,金融,116.52117756,39.82198934,全职,5-10年,"['供应链金融', '消费金融', '众筹业务', '支付业务']"
537,4255673,Python开发工程师,成都,2018-05-02 11:54:46,5.6,91136,微银合创,成都微银合创科技有限公司,15-50人,高新区,本科,不需要融资,"企业服务,金融",104.06605,30.544309,全职,不限,"['专项奖金', '带薪年假', '绩效奖金', '年度旅游']"
538,4177781,python工程师,武汉,2018-05-02 09:41:14,21.0,98702,力太科技,浙江力太科技有限公司,150-500人,洪山区,本科,C轮,"移动互联网,其他",114.405696,30.479215,全职,3-5年,"['年底双薪', '股票期权', '专项奖金', '带薪年假']"
539,4142291,Python研发工程师（应届毕业生/实习生）,北京,2018-04-28 10:09:01,10.8,2098,掌阅,掌阅科技股份有限公司,500-2000人,朝阳区,本科,上市公司,移动互联网,116.514211,39.905841,全职,不限,"['专项奖金', '带薪年假', '年度旅游', '扁平管理']"
540,4220935,Python量化工程师,上海,2018-04-27 15:53:32,28.0,86163,浮石资本,浮石（上海）投资管理有限公司,150-500人,浦东新区,本科,不需要融资,金融,121.576101,31.091846,全职,3-5年,"['环境好', '扁平管理', '待遇好', '绩效奖金']"
541,2818357,Python开发工程师,北京,2018-04-19 11:48:44,15.2,168489,金风科技,北京金风慧能技术有限公司,2000人以上,大兴区,本科,上市公司,数据服务、其他,,,全职,3-5年,[]
542,2786718,高级python开发工程师,深圳,2018-04-19 09:36:25,15.2,83025,环球易购,深圳市环球易购电子商务有限公司,2000人以上,南山区,大专,上市公司,电子商务,39.897445,116.331398,全职,3-5年,"['节日礼物', '股票期权', '带薪年假', '绩效奖金']"
543,3887376,Python开发工程师,成都,2018-04-04 09:03:18,17.0,284236,海德智和科技,四川海德智和科技有限公司,15-50人,锦江区,本科,不需要融资,移动互联网,104.088638,30.647956,全职,5-10年,"['绩效奖金', '年终分红', '带薪年假', '午餐补助']"
544,4333746,python后台开发工程师,北京,2018-05-02 10:06:53,19.0,3786,宜信,普信恒业科技发展（北京）有限公司,2000人以上,朝阳区,本科,上市公司,金融,0.0,0.0,全职,3-5年,"['管理规范', '技能培训', '扁平管理', '弹性工作']"
545,4499912,python开发工程师,深圳,2018-04-28 15:37:22,19.0,9275,500.com集团,深圳市易讯天空网络技术有限公司,150-500人,南山区,本科,上市公司,"移动互联网,电子商务",113.952696,22.530438,全职,3-5年,"['股票期权', '绩效奖金', '专项奖金', '交通补助']"
546,3526858,python开发/架构,北京,2018-04-28 15:32:53,29.0,104282,环球磁卡,天津环球磁卡,50-150人,海淀区,本科,上市公司,"移动互联网,O2O",116.304074,40.047575,全职,5-10年,"['年底双薪', '带薪年假', '绩效奖金', '通讯津贴']"
547,4476973,高级python,深圳,2018-04-25 09:31:16,24.0,38718,YKS,有棵树（深圳）网络科技有限公司,2000人以上,龙岗区,本科,D轮及以上,电子商务,39.897445,116.331398,全职,3-5年,"['技能培训', '绩效奖金', '岗位晋升', '扁平管理']"
548,4049446,高级Python开发工程师,上海,2018-04-24 20:10:50,35.0,62,字节跳动,北京字节跳动科技有限公司,2000人以上,黄浦区,本科,C轮,"移动互联网,数据服务",31.203365,31.203365,全职,3-5年,"['扁平管理', '弹性工作', '大厨定制三餐', '就近租房补贴']"
549,4465930,python开发,深圳,2018-04-23 15:27:44,12.0,333942,速强信息,上海速强信息技术有限公司,150-500人,南山区,大专,未融资,金融,113.919651,22.495838,全职,3-5年,"['""""']"
550,4291001,python开发工程师,上海,2018-04-16 16:28:27,26.0,13871,华钦科技,上海华钦软件技术有限公司,500-2000人,浦东新区,本科,不需要融资,"金融,招聘",121.58676,31.21156,全职,5-10年,"['年底双薪', '绩效奖金', '专项奖金', '五险一金']"
551,4215778,高级Python工程师/架构师,深圳,2018-04-09 19:20:15,35.0,23291,美图公司,厦门美图之家科技有限公司,500-2000人,南山区,本科,上市公司,"移动互联网,硬件",113.951672,22.540834,全职,3-5年,"['节日礼物', '与大牛共事', '福利健全', '五险一金']"
552,4427389,Python量化开发工程师,深圳,2018-05-03 09:30:17,12.0,365708,无极云区块链,深圳市无极云区块链互联网技术开发有限公司,50-150人,南山区,本科,不需要融资,移动互联网,113.943839,22.547619,全职,3-5年,"['""""']"
553,3164675,高级python开发工程师,北京,2018-04-28 11:06:33,21.0,46399,会分期,会找房（北京）网络技术有限公司,150-500人,海淀区,本科,C轮,移动互联网、金融,116.301362,40.054996,全职,3-5年,"['节日礼物', '股票期权', '带薪年假', '年度旅游']"
554,4121644,Java/Python资深开发工程师,上海,2018-04-27 16:11:32,49.0,285600,Amino,上海互趣网络科技有限公司,50-150人,静安区,本科,B轮,"移动互联网,社交网络",121.445314,31.223493,全职,5-10年,"['股票期权', '午餐补助', '带薪年假', '极客文化']"
555,3164675,高级python开发工程师,北京,2018-04-28 11:06:33,21.0,46399,会分期,会找房（北京）网络技术有限公司,150-500人,海淀区,本科,C轮,移动互联网、金融,116.301362,40.054996,全职,3-5年,"['节日礼物', '股票期权', '带薪年假', '年度旅游']"
556,4121644,Java/Python资深开发工程师,上海,2018-04-27 16:11:32,49.0,285600,Amino,上海互趣网络科技有限公司,50-150人,静安区,本科,B轮,"移动互联网,社交网络",121.445314,31.223493,全职,5-10年,"['股票期权', '午餐补助', '带薪年假', '极客文化']"
557,4374949,后端开发工程师（Python方向）,北京,2018-05-03 00:14:30,21.0,36031,一起科技,上海一起作业信息科技有限公司,500-2000人,朝阳区,本科,D轮及以上,"移动互联网,教育",116.48597,40.000355,全职,3-5年,"['节日礼物', '岗位晋升', '扁平管理', '领导好']"
558,3036982,Python开发工程师,上海,2018-05-02 11:31:42,28.0,5002,谷露软件,上海谷露软件有限公司,50-150人,黄浦区,本科,A轮,"数据服务,招聘",121.481062,31.230438,全职,3-5年,"['团队融洽', '股票期权', '扁平管理', '通讯津贴']"
559,3658320,资深Python开发工程师,北京,2018-05-02 10:50:58,21.0,3038,Gridsum 国双,北京国双科技有限公司,500-2000人,海淀区,本科,上市公司,"数据服务,企业服务",116.33175,39.97599007,全职,3-5年,"['年度旅游', '节日礼物', '年底双薪', '带薪年假']"
560,4195861,Python 中高级工程师,北京,2018-05-02 10:41:49,35.0,29496,闪银奇异,北京闪银奇异科技有限公司,500-2000人,朝阳区,本科,D轮及以上,"移动互联网,金融",116.983011,36.612889,全职,3-5年,"['13~15薪', '晋升空间大', '定期体检', '能力定薪']"
561,2145763,高级Python工程师,上海,2018-05-02 10:01:50,19.0,51480,饿了么,拉扎斯网络科技（上海）有限公司,2000人以上,普陀区,本科,D轮及以上,移动互联网,121.38240794,31.23317234,全职,3-5年,"['节日礼物', '绩效奖金', '年度旅游', '岗位晋升']"
562,4321534,python工程师-大数据方向,深圳,2018-04-28 17:56:19,13.2,200377,华策,深圳华策辉弘科技有限公司,50-150人,福田区,本科,未融资,移动互联网,114.063737,22.534231,全职,1-3年,"['绩效奖金', '年终分红', '带薪年假', '五险一金']"
563,1860168,Python/JAVA研发工程师,武汉,2018-04-23 11:52:17,10.8,30648,绿盟科技,北京神州绿盟信息安全科技股份有限公司,500-2000人,洪山区,本科,上市公司,信息安全,114.40636688,30.47501875,全职,1-3年,"['技能培训', '节日礼物', '股票期权', '带薪年假']"
564,4408821,python开发工程师,上海,2018-04-12 10:35:53,12.0,311167,上海添笠,上海添笠智能科技有限公司,少于15人,徐汇区,大专,A轮,硬件、医疗健康,121.444033,31.183596,全职,3-5年,"['""""']"
565,3543490,Python工程师(云计算方向),厦门,2018-05-03 09:39:26,21.0,165492,10com,厦门视我科技有限公司,15-50人,思明区,本科,不需要融资,"移动互联网,电子商务",118.078948,24.46038,全职,3-5年,"['年底双薪', '专项奖金', '带薪年假', '午餐补助']"
566,4104105,python讲师,武汉,2018-05-02 15:27:09,19.0,100164,千锋教育,北京千锋互联科技有限公司,500-2000人,武汉经济技术开发区,本科,A轮,移动互联网,0.0,0.0,全职,3-5年,"['节日礼物', '专项奖金', '股票期权', '带薪年假']"
567,4482701,教材研发——Python,深圳,2018-05-02 14:47:39,10.8,68524,编程猫,深圳点猫科技有限公司,150-500人,南山区,本科,B轮,"移动互联网,教育",113.940851,22.509672,全职,1-3年,"['专项奖金', '股票期权', '岗位晋升', '年度旅游']"
568,2983386,python工程师,广州,2018-05-02 09:44:52,10.8,125922,广东紫晶,广东紫晶信息存储技术股份有限公司,150-500人,番禺区,大专,上市公司,"数据服务,其他",113.3495,23.00127,全职,1-3年,"['五险一金', '工龄工资', '上市公司']"
569,3874194,python开发工程师,北京,2018-04-27 14:16:46,12.0,9995,北京天融信公司,北京天融信网络安全,2000人以上,海淀区,本科,上市公司,信息安全,115.99339,39.99426,全职,1-3年,"['五险一金', '弹性工作', '交通补助', '定期体检']"
570,4482701,教材研发——Python,深圳,2018-05-02 14:47:39,10.8,68524,编程猫,深圳点猫科技有限公司,150-500人,南山区,本科,B轮,"移动互联网,教育",113.940851,22.509672,全职,1-3年,"['专项奖金', '股票期权', '岗位晋升', '年度旅游']"
571,2983386,python工程师,广州,2018-05-02 09:44:52,10.8,125922,广东紫晶,广东紫晶信息存储技术股份有限公司,150-500人,番禺区,大专,上市公司,"数据服务,其他",113.3495,23.00127,全职,1-3年,"['五险一金', '工龄工资', '上市公司']"
572,3874194,python开发工程师,北京,2018-04-27 14:16:46,12.0,9995,北京天融信公司,北京天融信网络安全,2000人以上,海淀区,本科,上市公司,信息安全,115.99339,39.99426,全职,1-3年,"['五险一金', '弹性工作', '交通补助', '定期体检']"
573,4421978,GO+Python,深圳,2018-05-03 09:30:17,19.0,365708,无极云区块链,深圳市无极云区块链互联网技术开发有限公司,50-150人,南山区,本科,不需要融资,移动互联网,113.943839,22.547619,全职,3-5年,"['""""']"
574,4493581,Python高级开发工程师,北京,2018-05-02 10:50:35,29.0,332816,北京鸿风网络科技有限公司,北京鸿风网络科技有限公司,15-50人,朝阳区,本科,天使轮,移动互联网,116.486118,40.000637,全职,3-5年,[]
575,4376824,Python开发实习(天津岗）,天津,2018-05-02 09:56:01,2.4,8861,妙计旅行,北京汇行科技有限公司,150-500人,滨海新区,本科,B轮,旅游,117.688816,38.995853,全职,不限,"['股票期权', '十四薪', '零食饮料水果', '团队氛围好']"
576,592514,Python高级工程师,西安,2018-04-28 16:32:03,18.2,11783,Wisdom Garden,西安智园软件开发管理有限公司,50-150人,高新技术产业开发区,不限,A轮,教育,108.87305984,34.19150967,全职,5-10年,"['敏捷开发', 'Mac高配', '六险一金', '扁平化管理']"
577,3890889,python开发工程师,深圳,2018-04-28 10:14:52,11.8,117217,博悦科创,深圳市博悦科创科技有限公司,500-2000人,福田区,本科,不需要融资,移动互联网,114.053855,22.535702,全职,3-5年,"['年底双薪', '定期体检', '绩效奖金', '技能培训']"
578,4195737,Python资深开发工程师,上海,2018-04-27 10:10:55,25.2,18139,京东集团,北京京东世纪贸易有限公司,2000人以上,长宁区,本科,上市公司,"电子商务,数据服务",121.360459,31.221087,全职,5-10年,"['五险一金', '带薪年假', '免费班车', '定期体检']"
579,4398798,python开发工程师,北京,2018-04-26 14:21:22,13.2,152334,知工网络科技,知工网络科技（北京）有限公司,15-50人,朝阳区,本科,不需要融资,"移动互联网,企业服务",116.440154,39.925669,全职,1-3年,[]
580,3138829,python开发工程师,重庆,2018-04-23 10:54:11,10.8,65566,柏思睿特,重庆柏思睿特网络安全技术有限公司,15-50人,渝北区,不限,不需要融资,"移动互联网,广告营销",106.506539,29.611051,全职,1-3年,[]
581,2517136,Python开发,上海,2018-04-16 17:06:04,10.8,56474,NextTao 互道信息,互道信息技术（上海）有限公司,50-150人,,本科,B轮,"移动互联网,电子商务",121.60319033,31.20003938,全职,1-3年,"['节日礼物', '技能培训', '年底双薪', '绩效奖金']"
582,3313053,Python开发工程师,北京,2018-05-02 15:08:15,24.0,198804,企飞,易企飞（北京）人力资源科技有限公司,50-150人,朝阳区,本科,A轮,企业服务,116.502863,39.963348,全职,3-5年,"['股票期权', '高成长性', '弹性工作', '扁平管理']"
583,4341627,Python 开发工程师,广州,2018-05-02 13:30:19,15.2,291104,谷臻,上海谷臻信息科技有限公司,少于15人,海珠区,本科,天使轮,"教育,文化娱乐",113.325198,23.098789,全职,1-3年,"['股票期权', '扁平管理', '文创', '影视']"
584,1591257,python开发实习生（西安）,西安,2018-05-02 10:17:04,2.4,30648,绿盟科技,北京神州绿盟信息安全科技股份有限公司,500-2000人,高新技术产业开发区,本科,上市公司,信息安全,108.87757054,34.2230425,兼职,不限,"['技能培训', '节日礼物', '股票期权', '带薪年假']"
585,57787,Python开发工程师,广州,2018-05-01 17:35:31,8.4,10909,易工作,广州润普网络科技有限公司,50-150人,天河区,不限,不需要融资,企业服务,113.370887,23.124949,全职,不限,"['绩效奖金', '年终分红', '午餐补助', '弹性工作']"
586,4444029,python开发,北京,2018-04-26 11:22:33,19.0,265449,taurus.ai,北京韬睿智能科技有限公司,少于15人,西城区,硕士,天使轮,"金融,企业服务",116.379066,39.960028,全职,不限,[]
587,4468001,python工程师,成都,2018-04-23 18:02:51,12.0,272594,万众启源,四川万众启源信息技术有限公司,15-50人,锦江区,本科,未融资,"金融,移动互联网",104.079742,30.653146,全职,3-5年,"['带薪年假', '领导好', '弹性工作', '节日礼物']"
588,2631153,高级python开发工程师,杭州,2018-04-20 12:43:59,26.0,29211,圆通,圆通速递有限公司,2000人以上,余杭区,本科,上市公司,"企业服务,数据服务",120.009282,30.283821,全职,3-5年,"['技能培训', '免费班车', '专项奖金', '岗位晋升']"
589,3781975,Python,深圳,2018-05-03 08:59:25,14.0,69152,博奥特科技,深圳市博奥特科技有限公司,150-500人,福田区,大专,未融资,"移动互联网,金融",114.058451,22.532093,全职,1-3年,"['绩效奖金', '领导好', '帅哥多', '美女多']"
590,4046713,Python后台工程师(科技园),深圳,2018-05-02 13:40:55,21.0,59521,翼果科技,翼果（深圳）科技有限公司,15-50人,南山区,本科,天使轮,"大数据,互联网,移动互联网",113.937378,22.523743,全职,1-3年,"['绩效奖金', '岗位晋升', '扁平管理', '领导好']"
591,4450210,Python开发工程师（运维开发）,北京,2018-05-02 10:50:59,21.0,193620,Bespin,北京贝斯平云科技有限公司,50-150人,朝阳区,本科,A轮,不限,116.485362,40.000159,全职,3-5年,"['扁平管理', '技能培训', '云计算', '国际化']"
592,3565119,python开发工程师,北京,2018-04-18 08:02:23,11.2,16295,海思林科,海思林科（北京）信息技术有限公司,50-150人,丰台区,大专,A轮,"企业服务,医疗健康",116.295004,39.820425,全职,不限,"['绩效奖金', '年底双薪', '五险一金', '通讯津贴']"
593,4287000,Python工程师（数据平台）,深圳,2018-05-02 16:02:23,18.4,35565,一面数据,深圳市一面网络技术有限公司,15-50人,南山区,本科,A轮,"移动互联网,数据服务",113.940008,22.540529,全职,不限,"['技能培训', '海归精英团队', 'Geek分享', '绩效奖金']"
594,4143605,【5Miles】Python开发工程师,北京,2018-05-02 11:39:38,21.0,22139,第三石科技,北京第三石科技发展有限公司,50-150人,朝阳区,本科,B轮,"移动互联网,电子商务",116.481049,39.996796,全职,3-5年,"['股票期权', '交通补助', '带薪年假', '扁平管理']"
595,4423759,python,成都,2018-05-02 09:10:10,12.0,40161,麦子学院,成都麦子信息技术有限公司,50-150人,高新区,本科,B轮,"移动互联网,教育",104.07445,30.539857,全职,1-3年,"['年底双薪', '节日礼物', '技能培训', '绩效奖金']"
596,3976826,Python django 开发工程师,成都,2018-05-02 13:37:00,6.2,169176,亚然科技,成都亚然科技中心,15-50人,锦江区,大专,B轮,移动互联网,104.092154,30.644147,全职,1-3年,"['带薪年假', '无限量零食', '周末双休', '出国旅游']"
597,3826052,资深Python工程师,上海,2018-05-02 11:41:42,20.8,51480,饿了么,拉扎斯网络科技（上海）有限公司,2000人以上,普陀区,本科,D轮及以上,移动互联网,121.379945,31.231299,全职,3-5年,"['节日礼物', '绩效奖金', '年度旅游', '岗位晋升']"
598,4176979,Python开发工程师,上海,2018-04-27 09:11:36,11.0,115002,数旦信息,上海数旦信息技术有限公司,少于15人,徐汇区,本科,A轮,"移动互联网,金融",121.431047,31.160792,全职,1-3年,"['绩效奖金', '股票期权', '定期体检', '年度旅游']"
599,4490412,高级Python开发工程师,深圳,2018-04-26 19:09:25,19.0,164895,Webot,智言科技(深圳)有限公司,50-150人,南山区,本科,天使轮,"数据服务,其他",113.946947,22.53064,全职,5-10年,"['年底双薪', '绩效奖金', '通讯津贴', '扁平管理']"
600,4335142,Python开发工程师,杭州,2018-04-20 12:44:02,21.0,29211,圆通,圆通速递有限公司,2000人以上,余杭区,本科,上市公司,"企业服务,数据服务",120.009282,30.283821,全职,3-5年,"['技能培训', '免费班车', '专项奖金', '岗位晋升']"
601,3976826,Python django 开发工程师,成都,2018-05-02 13:37:00,6.2,169176,亚然科技,成都亚然科技中心,15-50人,锦江区,大专,B轮,移动互联网,104.092154,30.644147,全职,1-3年,"['带薪年假', '无限量零食', '周末双休', '出国旅游']"
602,3826052,资深Python工程师,上海,2018-05-02 11:41:42,20.8,51480,饿了么,拉扎斯网络科技（上海）有限公司,2000人以上,普陀区,本科,D轮及以上,移动互联网,121.379945,31.231299,全职,3-5年,"['节日礼物', '绩效奖金', '年度旅游', '岗位晋升']"
603,4176979,Python开发工程师,上海,2018-04-27 09:11:36,11.0,115002,数旦信息,上海数旦信息技术有限公司,少于15人,徐汇区,本科,A轮,"移动互联网,金融",121.431047,31.160792,全职,1-3年,"['绩效奖金', '股票期权', '定期体检', '年度旅游']"
604,4490412,高级Python开发工程师,深圳,2018-04-26 19:09:25,19.0,164895,Webot,智言科技(深圳)有限公司,50-150人,南山区,本科,天使轮,"数据服务,其他",113.946947,22.53064,全职,5-10年,"['年底双薪', '绩效奖金', '通讯津贴', '扁平管理']"
605,4005701,高级Python开发工程师,北京,2018-04-28 09:57:11,31.0,62,字节跳动,北京字节跳动科技有限公司,2000人以上,海淀区,本科,C轮,"移动互联网,数据服务",39.971268,39.971268,全职,3-5年,"['扁平管理', '弹性工作', '大厨定制三餐', '就近租房补贴']"
606,3964805,Python工程师,广州,2018-04-12 09:45:37,12.0,20473,广州棒谷科技股份有限公司,广州棒谷科技股份有限公司,2000人以上,白云区,本科,不需要融资,电子商务,113.271506,23.175202,全职,1-3年,"['项目奖金', '绩效奖金', '年终奖', '五险一金']"
607,3821303,Python 高级开发工程师,上海,2018-05-02 14:37:23,21.0,109625,还呗-智能信贷领先者,上海数禾信息科技有限公司,150-500人,浦东新区,本科,不需要融资,"移动互联网,金融",0.0,0.0,全职,3-5年,"['股票期权', '通讯津贴', '交通补助', '午餐补助']"
608,3019261,Python研发工程师,北京,2018-05-02 10:55:24,12.0,54519,微诺时代北京科技股份有限公司,微诺时代（北京）科技股份有限公司,50-150人,海淀区,本科,未融资,数据服务,116.353009,39.95909,全职,3-5年,"['绩效奖金', '交通补助', '午餐补助', '技能培训']"
609,4493391,后端Python工程师-无人配送,北京,2018-05-02 10:10:41,21.0,50702,美团点评,北京三快在线科技有限公司,2000人以上,朝阳区,本科,D轮及以上,"移动互联网,O2O",116.486654,40.007208,全职,3-5年,"['技能培训', '绩效奖金', '岗位晋升', '领导好']"
610,4098121,python开发实习生,北京,2018-05-02 10:00:07,5.6,5748,天润融通,北京天润融通科技有限公司,150-500人,大兴区,本科,不需要融资,"企业服务,数据服务",116.496718,39.783708,全职,1年以下,"['五险一金', '带薪年假', '免费班车', '领导好']"
611,2895284,Python运维开发工程师,北京,2018-05-02 09:28:02,12.0,141955,嘀嗒出行,拼途（北京）信息技术有限公司,150-500人,朝阳区,本科,D轮及以上,"移动互联网,O2O",116.482578,39.995421,全职,1-3年,"['绩效奖金', '年底双薪', '交通补助', '管理规范']"
612,4214084,Python工程师,北京,2018-04-08 10:35:10,29.0,2422,凡普金科,凡普金科集团有限公司,2000人以上,东城区,本科,不需要融资,金融,116.415486,39.93234,全职,3-5年,"['年底双薪', '节日礼物', '技能培训', '带薪年假']"
613,4084754,Python后台开发/数据平台 资深工程师,深圳,2018-05-02 10:38:17,31.0,37669,米筐 (Ricequant),深圳米筐科技有限公司,50-150人,南山区,本科,A轮,金融,,,全职,5-10年,"['技能培训', '股票期权', '带薪年假', '年度旅游']"
614,4462235,后端开发Python,成都,2018-05-02 09:19:45,10.8,35796,易路,上海易路软件有限公司,50-150人,高新区,大专,A轮,"移动互联网,企业服务",104.055679,30.537021,全职,3-5年,"['技能培训', '年底双薪', '绩效奖金', '岗位晋升']"
615,3826599,高级python研发工程师,北京,2018-04-24 20:09:42,28.0,62,字节跳动,北京字节跳动科技有限公司,2000人以上,海淀区,本科,C轮,"移动互联网,数据服务",116.332602,39.971268,全职,1-3年,"['扁平管理', '弹性工作', '大厨定制三餐', '就近租房补贴']"
616,4429944,Python开发工程师,深圳,2018-05-02 16:18:06,14.0,38442,医信科技,深圳市医信科技有限公司,150-500人,南山区,本科,B轮,"移动互联网,医疗健康",113.957553,22.538258,全职,1-3年,"['技能培训', '节日礼物', '股票期权', '带薪年假']"
617,4106806,中级服务器端（Python）研发工程师,成都,2018-05-02 11:41:57,9.6,53142,知道创宇,成都知道创宇信息技术有限公司,500-2000人,高新区,本科,C轮,信息安全,0.0,0.0,全职,1-3年,"['节日礼物', '岗位晋升', '美女多', '领导好']"
618,4320731,Python开发工程师,成都,2018-05-02 10:14:40,5.6,309570,爱猫爪科技,爱猫爪网络科技（深圳）有限公司,少于15人,锦江区,本科,未融资,"移动互联网,金融",104.085312,30.662588,全职,1-3年,"['成长空间', '环境好', '弹性工作', '专项奖金']"
619,4481369,python后端开发工程师,上海,2018-05-02 09:17:26,19.0,4186,互贷网,上海互信金融信息服务有限公司,50-150人,虹口区,本科,未融资,金融,121.477321,31.26996,全职,3-5年,[]
620,3740753,python开发实习生,北京,2018-04-28 11:46:06,7.2,6996,智融集团,北京智融时代科技有限公司,150-500人,海淀区,不限,C轮,金融,116.345834,39.977454,实习,1年以下,"['股票期权', '绩效奖金', '五险一金', '带薪年假']"
621,4467987,Python开发师,合肥,2018-04-23 18:01:12,5.6,339236,Boss金服,安徽世豪网络科技有限公司,15-50人,包河区,大专,未融资,移动互联网,117.304102,31.827631,全职,1-3年,"['年度旅游', '领导好', '管理规范', '交通便捷']"
622,3692964,Python工程师,长沙,2018-04-23 15:29:14,9.8,10043,康通,湖南康通电子股份有限公司,150-500人,芙蓉区,本科,未融资,移动互联网,113.066534,28.215831,全职,1-3年,"['技能培训', '效益奖金', '岗位晋升', '通讯津贴']"
623,2688021,高级Python后端研发工程师,上海,2018-05-02 16:31:15,21.0,33219,斗象科技,上海斗象信息科技有限公司,50-150人,浦东新区,本科,B轮,信息安全,121.58095,31.19906986,全职,3-5年,"['节日礼物', '技能培训', '股票期权', '专项奖金']"
624,3848677,Python,上海,2018-05-02 14:20:40,21.0,27024,italki,千言信息技术（上海）有限公司,50-150人,静安区,本科,A轮,"电子商务,教育",121.43694,31.2327,全职,5-10年,"['股票期权', '20天年假', '高端医疗保险', '学习基金计划']"
625,131503,Python工程师,广州,2018-05-02 11:14:52,9.6,22708,迪奥科技,广州迪奥信息科技有限公司,15-50人,天河区,本科,A轮,"O2O,数据服务",113.41485435,23.16715811,全职,1-3年,"['年终分红', '绩效奖金', '股票期权', '专项奖金']"
626,4388891,python工程师,深圳,2018-05-02 10:49:42,13.2,168557,YIDATEC,亿达信息技术（深圳）有限公司,2000人以上,南山区,本科,不需要融资,"移动互联网,游戏",113.937987,22.523392,全职,3-5年,[]
627,2637379,高级Python开发工程师,北京,2018-05-01 21:34:14,21.0,109317,灵犀联云,北京灵犀联云科技有限公司,50-150人,朝阳区,本科,B轮,"企业服务,数据服务",116.46601,40.020841,全职,1-3年,"['BAT大牛', '大数据', 'A轮空间大', '知识分享']"
628,4457999,python开发工程师,厦门,2018-04-26 11:11:52,12.0,172991,睿视智觉,睿视智觉（厦门）科技有限公司,15-50人,湖里区,本科,A轮,数据服务,118.130825,24.516874,全职,应届毕业生,[]
629,4327008,Python开发,杭州,2018-04-25 14:13:57,8.4,113449,杭州趣编,杭州趣编网络科技有限公司,50-150人,滨江区,本科,B轮,"移动互联网,文化娱乐",120.224077,30.208963,全职,1-3年,"['午餐补助', '年底双薪', '带薪年假', '股票期权']"
630,3920000,Python工程师,北京,2018-04-20 15:23:18,19.0,134743,太一云,北京太一云科技有限公司,150-500人,朝阳区,本科,上市公司,"金融,数据服务",116.484081,40.006959,全职,3-5年,[]
631,3565170,python开发工程师,北京,2018-04-18 08:02:14,13.2,16295,海思林科,海思林科（北京）信息技术有限公司,50-150人,丰台区,大专,A轮,"企业服务,医疗健康",116.295004,39.820425,全职,3-5年,"['绩效奖金', '年底双薪', '五险一金', '通讯津贴']"
632,4350744,python开发,深圳,2018-04-03 09:56:37,19.0,354605,摩若普利,苏州摩若普利信息科技有限公司,50-150人,福田区,本科,B轮,"移动互联网,数据服务",114.022503,22.53472,全职,3-5年,"['""""']"
633,2866737,Python研发工程师,深圳,2018-05-02 11:13:58,17.8,32687,前海汇流,深圳市前海汇流信息科技有限公司,50-150人,南山区,本科,A轮,移动互联网,113.9422,22.54878,全职,1-3年,"['带薪年假', '年度旅游', '领导好', '年底双薪']"
634,2933402,运维开发工程师（精通Python）,北京,2018-05-02 10:50:57,15.2,3038,Gridsum 国双,北京国双科技有限公司,500-2000人,海淀区,本科,上市公司,"数据服务,企业服务",116.33175,39.97599007,全职,1-3年,"['年度旅游', '节日礼物', '年底双薪', '带薪年假']"
635,4169435,Python开发工程师,北京,2018-05-02 10:44:27,24.8,29496,闪银奇异,北京闪银奇异科技有限公司,500-2000人,朝阳区,本科,D轮及以上,"移动互联网,金融",116.983011,36.612889,全职,1-3年,"['13~15薪', '晋升空间大', '定期体检', '能力定薪']"
636,4445175,Python高级开发工程师,广州,2018-05-02 10:43:04,19.4,364753,AAM中国,青岛英联艺术传媒有限公司,50-150人,天河区,本科,未融资,数据服务,113.319767,23.12675,全职,3-5年,"['""""']"
637,4292267,python开发工程师,深圳,2018-05-02 09:28:32,9.8,117217,博悦科创,深圳市博悦科创科技有限公司,500-2000人,南山区,大专,不需要融资,移动互联网,113.919651,22.495838,全职,1-3年,"['年底双薪', '定期体检', '绩效奖金', '技能培训']"
638,3646890,运维开发高级工程师-python,北京,2018-04-20 09:26:51,20.8,102388,云纵,北京云纵信息技术有限公司,2000人以上,海淀区,本科,B轮,"移动互联网,O2O",116.30108,40.02418,全职,3-5年,"['带薪年假', '扁平管理', '管理规范', '帅哥多']"
639,4336584,python工程师,大连,2018-04-11 09:10:50,7.0,319989,中控,大连中控智慧信息技术有限公司,50-150人,高新园区,大专,不需要融资,其他,,,全职,3-5年,"['午餐补助', '节日礼物', '领导好', '管理规范']"
640,3584973,数据工程师-Python,北京,2018-05-02 14:26:10,14.0,93936,生命奇点,生命奇点（北京）科技有限公司,50-150人,海淀区,本科,A轮,"医疗健康,数据服务",116.304668,39.986318,全职,应届毕业生,"['年底双薪', '带薪年假', '领导好', '通讯津贴']"
641,4325705,python开发工程师,上海,2018-05-02 14:24:44,8.2,143390,ATA,全美在线（北京）教育科技股份有限公司,500-2000人,浦东新区,本科,上市公司,"教育,移动互联网",121.605243,31.2027,全职,1年以下,"['定期体检', '午餐补助', '带薪年假', '六险一金']"
642,3586021,python web开发工程师,长沙,2018-05-03 09:31:25,14.0,134995,动脑科技,湖南动脑信息科技有限公司,50-150人,岳麓区,大专,未融资,教育,112.885761,28.208618,全职,3-5年,"['带薪年假', '绩效奖金', '弹性工作', '节日礼物']"
643,4063498,Python后端工程师,上海,2018-05-03 09:22:30,21.0,259846,源杉FIR.ai,源杉信息技术（上海）有限公司,15-50人,杨浦区,本科,天使轮,"数据服务,金融",0.0,0.0,全职,3-5年,"['股票期权', '美女多', '领导好', '扁平管理']"
644,3488677,Python后台开发工程师,深圳,2018-05-02 14:08:31,21.0,130397,小步网络,深圳小步网络科技有限公司,15-50人,宝安区,本科,B轮,移动互联网,113.871114,22.563133,全职,3-5年,"['股票期权', '定期体检', '下午茶', '年度旅游']"
645,4325705,python开发工程师,上海,2018-05-02 14:24:44,8.2,143390,ATA,全美在线（北京）教育科技股份有限公司,500-2000人,浦东新区,本科,上市公司,"教育,移动互联网",121.605243,31.2027,全职,1年以下,"['定期体检', '午餐补助', '带薪年假', '六险一金']"
646,3586021,python web开发工程师,长沙,2018-05-03 09:31:25,14.0,134995,动脑科技,湖南动脑信息科技有限公司,50-150人,岳麓区,大专,未融资,教育,112.885761,28.208618,全职,3-5年,"['带薪年假', '绩效奖金', '弹性工作', '节日礼物']"
647,4063498,Python后端工程师,上海,2018-05-03 09:22:30,21.0,259846,源杉FIR.ai,源杉信息技术（上海）有限公司,15-50人,杨浦区,本科,天使轮,"数据服务,金融",0.0,0.0,全职,3-5年,"['股票期权', '美女多', '领导好', '扁平管理']"
648,4340319,Python高级开发工程师,北京,2018-05-02 10:50:09,28.0,320273,有链,北京有链科技有限公司,50-150人,海淀区,本科,天使轮,"移动互联网,社交网络",116.355305,40.009084,全职,1-3年,"['领导好', '区块链', '股票期权']"
649,4448018,python开发工程师,广州,2018-05-02 09:42:50,12.0,149753,小成信息,广州小成信息科技有限公司,50-150人,天河区,大专,不需要融资,"其他,企业服务",113.333955,23.133699,全职,3-5年,"['年底双薪', '带薪年假', '专项奖金']"
650,4286351,Python开发工程师,深圳,2018-05-02 09:35:17,19.0,6636,携程,携程计算机技术（上海）有限公司,2000人以上,福田区,本科,上市公司,"移动互联网,旅游",114.23079,22.548092,全职,3-5年,"['绩效奖金', '股票期权', '五险一金', '交通补助']"
651,4138824,Python中级工程师,北京,2018-04-25 11:01:49,17.0,22884,花生米富,小小黛朵（北京）科技有限公司,150-500人,海淀区,不限,B轮,"移动互联网,金融",116.304668,39.986318,全职,3-5年,"['股票期权', '年底双薪', '带薪年假', '功夫熊按摩']"
652,4431310,python开发工程师,成都,2018-04-17 10:03:01,8.2,16815,四川弘和集团,四川弘和通讯有限公司,150-500人,武侯区,大专,A轮,移动互联网,103.98873,30.63532,全职,3-5年,"['绩效奖金', '五险一金', '通讯津贴', '交通补助']"
653,2098676,Python（数据处理）,北京,2018-05-02 12:23:14,19.0,134042,海致,海致网络技术(北京)有限公司,150-500人,海淀区,本科,C轮,"移动互联网,企业服务",116.356939,40.014296,全职,3-5年,"['股票期权', '带薪年假', '弹性工作', '扁平管理']"
654,3763480,Python后端工程师,北京,2018-05-02 09:14:32,19.0,133084,在行,北京我最在行信息技术有限公司,50-150人,朝阳区,本科,A轮,"移动互联网,教育",116.471788,39.905795,全职,1-3年,"['股票期权', '年终奖', '家庭式三餐', '六险一金']"
655,4325872,python开发工程师,上海,2018-04-19 10:33:22,19.0,219277,分泰智能,上海分泰信息科技有限公司,15-50人,长宁区,本科,天使轮,移动互联网,0.0,0.0,全职,3-5年,[]
656,4443973,Python工程师,上海,2018-04-18 16:44:36,24.0,368701,360PAI,上海百昌网络拍卖科技有限公司,15-50人,闵行区,本科,未融资,移动互联网,121.389436,31.104043,全职,3-5年,"['""""']"
657,4182920,Python开发工程师,广州,2018-04-08 18:09:18,10.8,53978,MUN-U,广州萌游网络科技有限公司,15-50人,海珠区,本科,天使轮,游戏,113.330604,23.0878,全职,3-5年,"['五险一金', '弹性工作', '年底双薪', '带薪年假']"
658,3011484,Python程序员,厦门,2018-04-08 15:25:56,10.8,192610,果动,厦门果动体育科技有限公司,少于15人,思明区,本科,未融资,"移动互联网,数据服务",118.115945,24.430477,全职,1-3年,[]
659,3887106,Python讲师,深圳,2018-05-03 09:20:11,17.0,65521,泽林信息,深圳市泽林信息咨询有限公司,500-2000人,南山区,本科,不需要融资,教育,113.953534,22.542215,全职,3-5年,"['节日礼物', '技能培训', '绩效奖金', '年度旅游']"
660,4139271,python研发工程师,北京,2018-04-25 11:01:47,17.0,22884,花生米富,小小黛朵（北京）科技有限公司,150-500人,海淀区,大专,B轮,"移动互联网,金融",116.304668,39.986318,全职,3-5年,"['股票期权', '年底双薪', '带薪年假', '功夫熊按摩']"
661,4490729,后端研发工程师（Python）,成都,2018-04-26 21:50:12,10.8,6979,极客公园,北京传奇极客管理咨询有限公司,50-150人,成华区,本科,A轮,"移动互联网,文化娱乐",104.122892,30.668776,全职,1-3年,"['带薪年假', '年度旅游', '水果零食', '扁平管理']"
662,3076555,Python,南京,2018-04-26 17:28:24,13.2,36272,飞常准,飞友科技有限公司,150-500人,江宁区,本科,A轮,移动互联网,118.792128,31.938733,全职,3-5年,"['节日礼物', '年度旅游', '管理规范', '五险一金']"
663,4475515,Python,深圳,2018-04-24 17:51:06,14.0,117217,博悦科创,深圳市博悦科创科技有限公司,500-2000人,南山区,大专,不需要融资,移动互联网,113.919686,22.488389,全职,1-3年,"['年底双薪', '定期体检', '绩效奖金', '技能培训']"
664,4368249,python开发工程师,济南,2018-04-03 16:36:57,8.4,309710,济南四叶草,济南四叶草信息技术有限公司,少于15人,高新区,不限,天使轮,移动互联网,117.122643,36.686954,全职,1-3年,"['""""']"
665,3687374,资深Java/Python/C#/PHP开发,北京,2018-05-02 19:48:53,29.0,7000,FreeWheel,飞维美地信息技术（北京）有限公司,500-2000人,朝阳区,本科,上市公司,"企业服务,数据服务",116.471469,39.953193,全职,3-5年,"['技能培训', '绩效奖金', '岗位晋升', '领导好']"
666,3570602,python开发工程师,深圳,2018-05-02 14:52:32,13.8,53711,浪潮企业云深圳研发中心,浪潮通用软件有限公司深圳研发中心,2000人以上,南山区,本科,上市公司,"移动互联网,企业服务",113.953217,22.540861,全职,1-3年,"['技能培训', '节日礼物', '绩效奖金', '岗位晋升']"
667,4099175,大数据平台开发工程师 Java/Python,北京,2018-05-02 14:26:01,14.0,93936,生命奇点,生命奇点（北京）科技有限公司,50-150人,海淀区,本科,A轮,"医疗健康,数据服务",116.304668,39.986318,全职,应届毕业生,"['年底双薪', '带薪年假', '领导好', '通讯津贴']"
668,4205722,Python/JAVA开发工程师,厦门,2018-04-27 16:16:24,7.6,311278,芭果网络,厦门芭果网络科技有限公司,少于15人,思明区,大专,未融资,"移动互联网,金融",118.093455,24.436969,全职,1-3年,"['扁平管理', '领导好', '弹性工作', '岗位晋升']"
669,4355003,Python,北京,2018-04-27 14:47:51,17.0,155587,企名片,北京企名片科技有限公司,15-50人,海淀区,本科,A轮,"企业服务,金融",116.303018,40.051279,全职,1-3年,"['专项奖金', '股票期权', '带薪年假', '美女多']"
670,3887081,python开发工程师,北京,2018-04-26 12:50:04,19.0,2646,途游,在线途游（北京）科技有限公司,150-500人,朝阳区,本科,B轮,"移动互联网,游戏",116.41716,40.031983,全职,3-5年,"['股票期权', '专项奖金', '五险一金', '带薪年假']"
671,3070531,高级Python开发工程师,深圳,2018-04-17 09:39:11,21.0,53970,狗尾草智能科技,深圳狗尾草智能科技有限公司,150-500人,南山区,本科,A轮,"移动互联网,O2O",113.94622,22.548162,全职,3-5年,"['年底双薪', '股票期权', '带薪年假', '绩效奖金']"
672,4121588,高级Python研发工程师,北京,2018-04-17 09:22:25,26.0,49551,中云网安,中云网安科技（北京）有限公司,15-50人,朝阳区,本科,A轮,数据服务,116.458855,39.909863,全职,3-5年,"['技能培训', '股票期权', '扁平管理', '定期体检']"
673,4019922,高级Python开发工程师,北京,2018-04-16 10:50:16,33.0,15749,弥财,北京弥财投资咨询有限公司,50-150人,朝阳区,本科,A轮,金融,115.99339,39.99426,全职,5-10年,"['一天两次冥想', '扁平管理', '五险一金', '弹性工作']"
674,3835532,Python高级开发工程师,北京,2018-05-02 11:39:38,25.2,22139,第三石科技,北京第三石科技发展有限公司,50-150人,朝阳区,本科,B轮,"移动互联网,电子商务",116.481049,39.996796,全职,3-5年,"['股票期权', '交通补助', '带薪年假', '扁平管理']"
675,3788698,高级Python开发工程师,上海,2018-04-17 09:39:11,21.0,53970,狗尾草智能科技,深圳狗尾草智能科技有限公司,150-500人,静安区,本科,A轮,"移动互联网,O2O",121.461003,31.226626,全职,5-10年,"['年底双薪', '股票期权', '带薪年假', '绩效奖金']"
676,3794263,Python工程师,深圳,2018-04-25 11:15:55,12.4,105758,MicroNature,深圳微自然创新科技有限公司,500-2000人,龙华新区,本科,A轮,"移动互联网,数据服务",114.04777,22.729387,全职,1-3年,"['股票期权', '绩效奖金', '扁平管理', '美女多']"
677,3247076,Python开发工程师,成都,2018-05-02 15:35:42,12.0,67293,励慧科技,成都励慧网络科技有限公司,15-50人,高新区,本科,未融资,移动互联网,104.06916,30.60156,全职,3-5年,"['带薪年假', '扁平管理', '领导好', '五险一金']"
678,4350608,php/java/python研发,厦门,2018-05-02 11:34:41,5.6,354699,Jcubing,厦门今立方科技有限公司,15-50人,集美区,本科,不需要融资,"移动互联网,企业服务",118.052073,24.607547,全职,应届毕业生,"['""""']"
679,4089386,Python后端工程师,北京,2018-04-26 14:35:04,35.0,1561,Face++,北京旷视科技有限公司,500-2000人,海淀区,本科,C轮,"移动互联网,硬件",116.326186,39.984038,全职,3-5年,"['科技大牛公司', '自助三餐', '年终多薪', '超长带薪假期']"
680,3901523,Python开发工程师,北京,2018-04-26 10:45:34,24.0,136443,马上金融,马上消费金融股份有限公司,2000人以上,朝阳区,大专,不需要融资,"金融,移动互联网",116.47826581,39.91290348,全职,3-5年,"['股票期权', '年终分红', '绩效奖金', '带薪年假']"
681,3786917,python开发工程师,深圳,2018-04-18 09:37:32,19.0,69152,博奥特科技,深圳市博奥特科技有限公司,150-500人,福田区,本科,未融资,"移动互联网,金融",114.082005,22.542374,全职,3-5年,"['绩效奖金', '领导好', '帅哥多', '美女多']"
682,3732138,课程设计师（python）,深圳,2018-05-02 17:24:35,9.0,110722,编玩边学,深圳市编玩边学教育科技有限公司,50-150人,南山区,本科,B轮,"教育,游戏",113.986923,22.54772,全职,1-3年,"['专项奖金', '股票期权', '绩效奖金', '午餐补助']"
683,4180890,Python后端高级开发工程师,广州,2018-05-02 09:55:40,20.8,22790,网易游戏,广州博冠信息科技有限公司,2000人以上,天河区,本科,上市公司,游戏,113.321853,23.122696,全职,3-5年,"['绩效奖金', '年终分红', '专项奖金', '年底双薪']"
684,4363192,python开发工程师,上海,2018-04-28 09:45:34,10.8,173731,上海抱元网络科技有限公司,上海抱元网络科技有限公司,50-150人,徐汇区,本科,不需要融资,"移动互联网,数据服务",121.419356,31.167444,全职,1-3年,"['专项奖金', '绩效奖金', '弹性工作', '扁平管理']"
685,2042657,Python开发工程师,郑州,2018-04-27 11:58:54,12.0,99540,智游,河南智游臻龙科技有限公司,500-2000人,经开区,大专,上市公司,"移动互联网,教育",113.993612,34.993681,全职,3-5年,"['技能培训', '年底双薪', '带薪年假', '绩效奖金']"
686,3890244,Python开发,北京,2018-04-26 16:29:45,10.8,22914,致趣广告,上海致趣广告有限公司,50-150人,朝阳区,本科,不需要融资,"广告营销,文化娱乐",116.48378,39.96555,全职,1-3年,"['年底双薪', '带薪年假', '岗位晋升', '技能培训']"
687,3590954,Python研发工程师,重庆,2018-04-11 10:42:31,6.6,110131,为国人境外旅行提供通讯相关服务,上海途宝网络技术有限公司,15-50人,渝中区,本科,天使轮,"移动互联网,旅游",106.54852,29.55279,全职,1-3年,[]
688,4475967,Python开发工程师（内容库）,北京,2018-05-03 00:14:28,21.0,36031,一起科技,上海一起作业信息科技有限公司,500-2000人,朝阳区,本科,D轮及以上,"移动互联网,教育",116.486624,40.000825,全职,不限,"['节日礼物', '岗位晋升', '扁平管理', '领导好']"
689,4245022,云计算开发工程师（Python）,上海,2018-05-02 17:57:57,16.8,26467,思华科技,上海思华科技股份有限公司,150-500人,浦东新区,本科,D轮及以上,移动互联网,121.60480567,31.20278946,全职,3-5年,"['节日礼物', '年底双薪', '专项奖金', '股票期权']"
690,3981586,python高级后端工程师,北京,2018-05-02 14:13:16,35.0,1561,Face++,北京旷视科技有限公司,500-2000人,海淀区,本科,C轮,"移动互联网,硬件",116.325436,39.984273,全职,5-10年,"['科技大牛公司', '自助三餐', '年终多薪', '超长带薪假期']"
691,4463479,Python后端高级研发工程师,北京,2018-05-03 00:14:27,28.0,36031,一起科技,上海一起作业信息科技有限公司,500-2000人,朝阳区,本科,D轮及以上,"移动互联网,教育",116.486624,40.000825,全职,3-5年,"['节日礼物', '岗位晋升', '扁平管理', '领导好']"
692,3551242,Python/Golang开发工程师,北京,2018-05-02 10:29:51,28.0,29151,Yi+,北京陌上花科技有限公司,50-150人,海淀区,本科,B轮,移动互联网,116.313649,39.978272,全职,1-3年,"['股票期权', '岗位晋升', '弹性工作', '绩效奖金']"
693,4124625,Python后端开发工程师 (MJ000606),上海,2018-05-02 10:23:50,21.0,3112,沪江,沪江教育科技（上海）股份有限公司,500-2000人,浦东新区,本科,D轮及以上,"移动互联网,教育",121.603788,31.202542,全职,3-5年,"['技能培训', '节日礼物', '年底双薪', '专项奖金']"
694,3944019,Python软件工程师,广州,2018-05-02 08:58:10,7.0,158991,广州市云润大数据,广州市云润大数据服务有限公司,150-500人,天河区,大专,A轮,"数据服务,移动互联网",113.388807,23.125946,全职,1-3年,[]
695,3903075,Python开发工程师,重庆,2018-04-23 10:52:37,13.2,174265,格泰尚恒,重庆格泰尚恒网络科技有限公司,15-50人,渝北区,大专,不需要融资,移动互联网,106.500861,29.608142,全职,3-5年,[]
696,4466137,python开发工程师,北京,2018-05-03 08:49:33,19.0,272762,中科物安,北京中科物安科技有限公司,15-50人,海淀区,本科,未融资,信息安全,116.234622,39.954239,全职,3-5年,"['年底双薪', '带薪年假', '午餐补助', '领导好']"
697,4409838,Python开发工程师（驻场）,上海,2018-05-02 16:57:39,9.6,46850,亚安,上海亚安信息技术有限公司,50-150人,虹口区,大专,不需要融资,硬件,121.486394,31.248034,全职,1-3年,"['带薪年假', '定期体检', '通讯津贴', '五险一金']"
698,4366584,中级软件工程师（Python）,成都,2018-05-02 11:54:46,10.8,91136,微银合创,成都微银合创科技有限公司,15-50人,高新区,本科,不需要融资,"企业服务,金融",104.063674,30.553138,全职,3-5年,"['专项奖金', '带薪年假', '绩效奖金', '年度旅游']"
699,4374641,中级Python工程师（驻场华润公司-罗湖）,深圳,2018-05-02 11:53:58,10.8,50241,Symbio-Freeborders,信必优(深圳)信息技术有限公司,2000人以上,罗湖区,大专,未融资,"移动互联网,电子商务",114.11065,22.542724,全职,3-5年,"['节日礼物', '年底双薪', '带薪年假', '年度旅游']"
700,3979176,Python 开发工程师,深圳,2018-05-02 10:47:42,15.0,287156,Mecha,深圳市知物畅想科技有限公司,少于15人,南山区,本科,天使轮,移动互联网,113.995686,22.539416,全职,1-3年,"['股票期权', '带薪年假', '绩效奖金']"
701,4420992,python工程师,北京,2018-05-02 10:40:15,36.0,349229,时光小屋,深圳比特屋网络有限公司,15-50人,朝阳区,不限,B轮,移动互联网,116.466554,39.995147,全职,3-5年,"['股票期权', '年终分红', '午餐补助', '弹性工作']"
702,3750787,python研发工程师,重庆,2018-05-02 09:19:06,8.8,278036,维普资讯,重庆维普资讯有限公司,150-500人,渝北区,本科,不需要融资,"移动互联网,电子商务",106.503253,29.609499,全职,应届毕业生,"['年底双薪', '绩效奖金', '定期体检', '带薪年假']"
703,4436590,Python开发,北京,2018-04-26 14:58:55,28.0,101211,易美健,易思互动（北京）科技有限公司,50-150人,海淀区,大专,A轮,"金融,医疗健康",116.342273,39.965227,全职,3-5年,"['节日礼物', '扁平管理', '定期体检', '五险一金']"
704,4442729,高级Python工程师,北京,2018-04-18 15:15:21,34.0,100530,超萌,北京超萌国际文化有限公司,50-150人,海淀区,本科,A轮,"数据服务,企业服务",116.337742,39.992894,全职,3-5年,"['股票期权', '扁平管理', '领导好', '技术驱动']"
705,4429488,Python高级程序员,北京,2018-04-16 18:01:11,24.0,36282,蔓盈科技,上海蔓盈科技有限公司北京朝阳分公司,50-150人,朝阳区,本科,C轮,移动互联网,116.44706,39.971072,全职,3-5年,"['带薪年假', '绩效奖金', '岗位晋升', '管理规范']"
706,4391485,Python软件工程师,武汉,2018-05-02 15:36:16,7.0,346242,武汉邻盛智能设备有限公司,武汉邻盛智能设备有限公司,15-50人,汉阳区,大专,未融资,"移动互联网,O2O",114.268095,30.555991,全职,1-3年,"['""""']"
707,4135185,python工程师,太原,2018-04-28 15:20:15,9.6,63993,优逸客,山西优逸客科技有限公司,50-150人,小店区,本科,不需要融资,移动互联网,112.993426,37.994263,全职,1-3年,"['技能培训', '专项奖金', '绩效奖金', '岗位晋升']"
708,4426584,python软件开发工程师,重庆,2018-04-28 13:15:59,8.4,100761,华夏航空,华夏航空股份有限公司,2000人以上,渝北区,本科,上市公司,其他,106.638887,29.717741,全职,1-3年,"['年底双薪', '绩效奖金', '带薪年假', '午餐补助']"
709,3814463,Python,上海,2018-04-26 10:56:59,24.0,153156,上海哈杜,上海哈杜科技有限公司,15-50人,浦东新区,本科,A轮,金融,0.0,0.0,全职,3-5年,[]
710,4475067,高级Python开发工程师,北京,2018-04-24 17:12:54,21.0,105520,苜蓿科技,西安苜蓿科技有限公司,少于15人,朝阳区,本科,未融资,"移动互联网,数据服务",116.470208,39.906158,全职,3-5年,"['技能培训', '年底双薪', '股票期权', '专项奖金']"
711,4337571,python开发工程师,上海,2018-04-23 09:00:59,19.0,45527,性能魔方,上海魔芋网络科技有限公司,50-150人,长宁区,本科,A轮,数据服务,121.431586,31.219011,全职,1-3年,"['年底双薪', '岗位晋升', '扁平管理', '领导好']"
712,4332815,python开发,武汉,2018-04-17 14:59:40,12.6,185976,京北方,京北方信息技术股份有限公司武汉分公司,2000人以上,东湖新技术开发区,本科,上市公司,移动互联网,114.504029,30.554982,全职,3-5年,[]
713,4403898,python工程师,上海,2018-05-02 11:31:32,28.0,5002,谷露软件,上海谷露软件有限公司,50-150人,黄浦区,不限,A轮,"数据服务,招聘",121.481062,31.230438,全职,不限,"['团队融洽', '股票期权', '扁平管理', '通讯津贴']"
714,3911329,高级Python开发工程师,上海,2018-04-25 11:53:05,29.0,165,UCloud,上海优刻得信息科技有限公司,500-2000人,杨浦区,本科,D轮及以上,"数据服务,企业服务",121.99341,30.994275,全职,5-10年,"['节日礼物', '技能培训', '股权激励计划', '代码改变世界']"
715,4176766,Python研发工程师,北京,2018-04-24 10:44:03,19.0,168439,焱融云,北京焱融科技有限公司,50-150人,海淀区,本科,A轮,企业服务,116.305577,40.043017,全职,3-5年,"['股票期权', '带薪年假', '定期体检', '弹性工作']"
716,4337811,django+saltstack+python/讲,北京,2018-04-08 11:13:59,19.0,6040,慕课网,北京奥鹏远程教育中心有限公司,50-150人,海淀区,不限,不需要融资,"移动互联网,教育",116.314673,39.956947,兼职,3-5年,"['节日礼物', '技能培训', '节日礼品卡', '月度团建']"
717,2012666,Python（年轻人的狂欢）,上海,2018-05-03 09:35:57,15.2,72838,雷速体育,上海炫体信息科技有限公司,50-150人,虹口区,大专,不需要融资,"移动互联网,社交网络",121.487197,31.250622,全职,1-3年,"['节日礼物', '年底双薪', '专项奖金', '带薪年假']"
718,3925362,软件开发工程师（工具开发 Python）,成都,2018-05-02 10:32:04,14.0,57260,瑞数信息,瑞数信息技术(上海)有限公司,50-150人,高新区,本科,A轮,信息安全,104.032771,30.55823,全职,3-5年,"['股票期权', '带薪年假', '扁平管理', '五险一金']"
719,4065330,安全开发工程师（安全方向 Python 开发）,北京,2018-05-02 10:23:54,21.0,4128,知乎,北京智者天下科技有限公司,500-2000人,海淀区,本科,D轮及以上,"移动互联网,社交网络",116.350094,40.007985,全职,1-3年,"['年底双薪', '股票期权', '带薪年假', '定期体检']"
720,4065330,安全开发工程师（安全方向 Python 开发）,北京,2018-05-02 10:23:54,21.0,4128,知乎,北京智者天下科技有限公司,500-2000人,海淀区,本科,D轮及以上,"移动互联网,社交网络",116.350094,40.007985,全职,1-3年,"['年底双薪', '股票期权', '带薪年假', '定期体检']"
721,2960861,瓜子二手车-Python高级开发工程师,北京,2018-04-27 19:25:32,26.0,107423,瓜子二手车直卖网,车好多旧机动车经纪(北京)有限公司,2000人以上,昌平区,本科,C轮,O2O,116.314365,40.067179,全职,3-5年,"['带薪年假', '弹性工作', '免费班车', '美女多']"
722,4334406,Python工程师（中高级）,杭州,2018-05-02 17:33:41,12.0,96921,远传技术,浙江远传信息技术股份有限公司,150-500人,滨江区,本科,上市公司,移动互联网,120.167887,30.193444,全职,1-3年,"['技能培训', '节日礼物', '股票期权', '带薪年假']"
723,2670798,Python Web开发工程师,北京,2018-05-02 10:33:43,21.0,88433,北京中铁信,北京中铁信科技有限公司,150-500人,海淀区,本科,不需要融资,其他,115.99339,39.99426,全职,不限,"['带薪年假', '绩效奖金', '年度旅游', '定期体检']"
724,2561590,资深／高级Python工程师,上海,2018-05-02 10:01:50,22.4,51480,饿了么,拉扎斯网络科技（上海）有限公司,2000人以上,普陀区,本科,D轮及以上,移动互联网,121.38240794,31.23317234,全职,3-5年,"['节日礼物', '绩效奖金', '年度旅游', '岗位晋升']"
725,4151129,Python讲师,成都,2018-05-02 09:40:32,14.0,40328,成都市米彩科技有限公司,成都市米彩科技有限公司,150-500人,高新区,本科,不需要融资,"移动互联网,生活服务",104.053979,30.58825,全职,3-5年,"['带薪年假', '节日礼物', '五险一金', '包三餐']"
726,3987587,python后端开发工程师,北京,2018-05-02 09:29:42,19.0,142542,聚力维度,北京聚力维度科技有限公司,50-150人,海淀区,本科,天使轮,移动互联网,116.331854,39.992513,全职,3-5年,[]
727,4250610,Python开发实习生 - 短视频方向,上海,2018-04-28 10:25:26,5.6,26250,musical.ly,蜜柚网络科技（上海）有限公司,150-500人,黄浦区,本科,不需要融资,"社交网络,文化娱乐",121.99341,30.994275,实习,应届毕业生,"['技能培训', '节日礼物', '股票期权', '带薪年假']"
728,4492717,AI平台Python研发工程师,北京,2018-04-27 11:46:14,35.0,50702,美团点评,北京三快在线科技有限公司,2000人以上,朝阳区,本科,D轮及以上,"移动互联网,O2O",,,全职,3-5年,"['技能培训', '绩效奖金', '岗位晋升', '领导好']"
729,4400794,Python开发工程师,北京,2018-04-11 10:04:34,12.6,68296,中科九章,北京中科九章软件有限公司,15-50人,海淀区,本科,不需要融资,企业服务,116.317964,39.973508,全职,1-3年,"['带薪年假', '领导好', '定期体检', '通讯津贴']"
730,4211815,Python后端工程师A,深圳,2018-05-03 09:21:30,21.0,95529,云天励飞,深圳云天励飞技术有限公司,150-500人,福田区,本科,A轮,移动互联网,114.094401,22.540685,全职,1-3年,"['节日礼物', '带薪年假', '年度旅游', '开放务实']"
731,3495157,Python讲师,深圳,2018-05-02 13:50:27,21.0,100164,千锋教育,北京千锋互联科技有限公司,500-2000人,宝安区,大专,A轮,移动互联网,113.837547,22.625771,全职,3-5年,"['节日礼物', '专项奖金', '股票期权', '带薪年假']"
732,4263186,后端工程师—python,杭州,2018-05-02 09:47:22,12.0,130680,巴九灵,杭州巴九灵文化创意有限公司,150-500人,下城区,本科,不需要融资,"文化娱乐,移动互联网",120.166755,30.315757,全职,1-3年,"['带薪年假', '弹性工作', '年度旅游', '节日礼物']"
733,4495741,Python高级工程师-区块链,北京,2018-04-27 17:42:48,24.0,22596,MICO,北京米可世界科技有限公司,50-150人,朝阳区,本科,A轮,移动互联网,116.460422,39.961372,全职,3-5年,"['股票期权', '年度旅游', '移动社交', '五险一金']"
734,3961660,算法工程师（python）,成都,2018-04-25 13:40:20,11.2,42711,BBD,成都数联铭品科技有限公司,150-500人,高新区,硕士,C轮,"电子商务,数据服务",103.99341,30.994233,全职,不限,"['带薪年假', '绩效奖金', '扁平管理', '定期体检']"
735,4120240,python高级工程师,上海,2018-04-19 11:16:25,28.0,315385,语酷网络,上海语酷网络科技有限公司,15-50人,静安区,不限,不需要融资,"社交网络,企业服务",121.438506,31.221671,全职,不限,"['""""']"
736,4028715,高级后台开发工程师（python）,北京,2018-05-02 17:28:03,28.0,62540,波场TRON,锐波（北京）科技有限公司,50-150人,海淀区,本科,不需要融资,"移动互联网,金融",0.0,0.0,全职,3-5年,"['股票期权', '扁平管理', '美女多', '五险一金']"
737,4468274,python/PHP开发(J10931),北京,2018-05-02 11:36:29,19.0,175557,便利蜂,便利蜂商贸有限公司,2000人以上,朝阳区,本科,不需要融资,"移动互联网,生活服务",116.448043,39.971134,全职,1-3年,"['弹性工作', '美女多', '帅哥多', '领导好']"
738,4490842,2019暑期实习-python开发助理,北京,2018-05-02 10:51:52,6.8,21643,融360,北京融联世纪信息技术有限公司,500-2000人,海淀区,本科,D轮及以上,"移动互联网,金融",116.314526,39.982338,实习,应届毕业生,"['股票期权', '专项奖金', '通讯津贴', '带薪年假']"
739,3666135,python实习生,北京,2018-05-02 09:38:38,4.4,7094,The ONE,小叶子（北京）科技有限公司,150-500人,朝阳区,本科,C轮,"硬件,教育",116.469451,40.018758,全职,1年以下,"['优秀团队', '篮球羽毛球队', '13薪', '技术大牛多']"
740,4462636,Python 研发工程师,北京,2018-05-01 20:52:15,14.0,338067,感易智能,北京感易智能科技有限公司,15-50人,海淀区,本科,天使轮,"金融,数据服务",116.334763,40.006474,全职,1-3年,"['一流团队', '金融数据AI', '快速发展', '天使轮+']"
741,3191616,Python开发工程师,北京,2018-04-16 11:32:19,14.0,210289,爱必投™云灵智链,北京云灵网络科技有限公司,15-50人,朝阳区,本科,天使轮,"金融,数据服务",116.458499,39.915072,全职,3-5年,"['年底双薪', '专项奖金', '股票期权', '年终分红']"
742,3409230,Python 工程师（数据平台）,上海,2018-05-02 14:58:16,14.0,78710,Target Social,仟传网络科技（上海）有限公司,50-150人,徐汇区,不限,B轮,"移动互联网,数据服务",121.42671,31.182216,全职,1-3年,"['节日礼物', '年底双薪', '专项奖金', '年度旅游']"
743,4238204,高级python开发工程师/专家,深圳,2018-04-26 19:02:04,21.0,164895,Webot,智言科技(深圳)有限公司,50-150人,南山区,本科,天使轮,"数据服务,其他",113.957429,22.538684,全职,5-10年,"['年底双薪', '绩效奖金', '通讯津贴', '扁平管理']"
744,4487412,Python运维开发工程师,杭州,2018-04-26 14:43:55,12.0,329,网易,网易（杭州）有限公司,2000人以上,滨江区,本科,上市公司,"电子商务,移动互联网",120.192295,30.188393,全职,3-5年,"['节日礼物', '技能培训', '免费班车', '带薪年假']"
745,4171192,python采集工程师,深圳,2018-04-24 10:51:58,9.2,54255,深圳市比一比网络科技有限公司,比一比网络科技有限公司,50-150人,南山区,本科,A轮,"电子商务,数据服务",113.947299,22.546322,全职,1-3年,"['技能培训', '股票期权', '带薪年假', '岗位晋升']"
746,4383327,python服务器开发工程师,深圳,2018-05-02 14:49:13,11.2,110074,奇迅新游,深圳市奇迅新游科技股份有限公司,50-150人,南山区,大专,未融资,"移动互联网,游戏",113.944496,22.549213,全职,1-3年,"['带薪年假', '绩效奖金', '年度旅游', '美女多']"
747,4313406,python开发工程师,南京,2018-05-02 10:49:35,10.0,169228,上海杰航,上海杰航软件开发有限公司,少于15人,江宁区,大专,天使轮,移动互联网,118.77942,31.952344,全职,1-3年,[]
748,4470641,Python工程师,上海,2018-04-27 16:16:41,11.4,90377,航拍测绘、光伏电站巡检解决方案,上海伯镭智能科技有限公司,15-50人,浦东新区,本科,天使轮,"移动互联网,企业服务",121.494914,31.136262,全职,1-3年,"['专项奖金', '绩效奖金', '带薪年假', '免费班车']"
749,4334488,python工程师,上海,2018-04-27 12:45:42,14.0,172776,司睿杰建科,上海司睿杰建筑科技有限公司,15-50人,静安区,不限,不需要融资,"移动互联网,企业服务",121.458879,31.244647,全职,不限,"['专项奖金', '交通补助', '午餐补助', '通讯津贴']"
750,4269175,高级/资深Python 开发工程师,北京,2018-04-10 10:15:03,28.0,329,网易,网易（杭州）有限公司,2000人以上,海淀区,本科,上市公司,"电子商务,移动互联网",116.275949,40.042894,全职,3-5年,"['节日礼物', '技能培训', '免费班车', '带薪年假']"
751,4407686,高级Python开发工程师-SH0702,上海,2018-04-26 16:44:58,35.0,168219,贝壳金控,贝壳金控控股集团有限公司,500-2000人,黄浦区,本科,未融资,金融、移动互联网,121.47451,31.214835,全职,3-5年,"['专项奖金', '年终分红', '定期体检', '绩效奖金']"
752,4360227,Python 开发工程师,上海,2018-04-23 09:05:29,11.2,26376,灵兮科技,上海灵兮信息科技有限公司,15-50人,杨浦区,本科,A轮,"移动互联网,企业服务",121.541689,31.276196,全职,1-3年,"['节日礼物', '股票期权', '带薪年假', '年度旅游']"
753,4388623,Python开发工程师,上海,2018-04-09 14:24:34,16.6,35112,中腾信,中腾信金融信息服务（上海）有限公司,2000人以上,虹口区,本科,不需要融资,金融,121.48995,31.244328,全职,3-5年,"['节日礼物', '年底多薪', '绩效奖金', '岗位晋升']"
754,3801569,python开发高级工程师,北京,2018-04-08 17:35:53,21.0,91,阿里巴巴—高德,高德软件有限公司,2000人以上,朝阳区,本科,上市公司,移动互联网,116.47357501,39.99295806,全职,3-5年,"['弹性工作', '帅哥多', '美女多', '五险一金']"
755,4146891,Python开发工程师,深圳,2018-04-03 15:40:29,17.0,178069,狮子座,深圳市狮子座信息技术有限公司,150-500人,南山区,本科,未融资,"移动互联网,企业服务",113.944969,22.535668,全职,3-5年,"['年底双薪', '午餐补助', '交通补助', '定期体检']"
756,4474119,Python工程师（数据方向）,天津,2018-05-03 09:30:32,5.6,189779,安博伟业,天津市安博伟业科技有限公司,少于15人,河西区,大专,未融资,"移动互联网,企业服务",0.0,0.0,全职,1-3年,"['扁平管理', '领导好', '五险一金', '岗位晋升']"
757,3692595,Python开发工程师（后端）,北京,2018-05-02 13:50:44,24.0,139750,快爽,北京心跳时空科技有限公司,15-50人,朝阳区,本科,天使轮,"移动互联网,文化娱乐",116.419876,39.976937,全职,1-3年,"['五险一金', '中二又疯狂', '不打卡', '高效专注']"
758,4064689,Python开发工程师,上海,2018-05-02 11:00:20,9.8,268,云深网络,上海云深网络技术有限公司,15-50人,浦东新区,本科,A轮,"移动互联网,硬件",121.99341,30.994275,全职,1-3年,"['技能培训', '节日礼物', '扁平管理', '五险一金']"
759,3175637,Python工程师,深圳,2018-04-28 18:42:21,12.0,187673,荔枝微课,深圳市微课科技有限公司,50-150人,南山区,本科,A轮,"移动互联网,教育",113.939,22.523275,全职,1年以下,"['美女多', '弹性工作', '扁平管理', '年底双薪']"
760,4496666,资深Python工程师,深圳,2018-04-27 22:17:39,19.0,330354,牛宽科技,深圳市前海牛宽信息科技有限公司,15-50人,南山区,本科,A轮,"金融,数据服务",113.947429,22.553813,全职,3-5年,"['股票期权', '绩效奖金', '专项奖金', '午餐补助']"
761,4265763,python开发工程师,深圳,2018-04-27 09:35:06,19.0,322508,光启集团,深圳光启超材料技术有限公司,500-2000人,南山区,本科,上市公司,"数据服务,硬件",113.937833,22.522872,全职,3-5年,"['股票期权', '定期体检', '专项奖金', '年度旅游']"
762,4259428,Python/GO高级工程师,北京,2018-04-10 19:30:56,21.0,99454,NewsDog,北京明日虫洞科技有限公司,15-50人,海淀区,本科,B轮,"移动互联网,数据服务",116.316341,39.977678,全职,1-3年,"['年底双薪', '股票期权', '扁平管理', '领导好']"
763,4297513,python开发,成都,2018-04-10 13:39:37,4.8,145715,同步新科,成都同步新创科技股份有限公司,150-500人,高新区,本科,未融资,移动互联网,104.06053,30.57788,全职,1-3年,[]
764,3972443,高级python开发工程师,西安,2018-05-03 08:49:33,13.2,272762,中科物安,北京中科物安科技有限公司,15-50人,高新技术产业开发区,本科,未融资,信息安全,108.841437,34.209271,全职,3-5年,"['年底双薪', '带薪年假', '午餐补助', '领导好']"
765,4106608,Python,深圳,2018-05-02 17:29:38,19.0,66079,美联集团,美联物业代理(深圳)有限公司,2000人以上,罗湖区,本科,上市公司,其他,114.067658,22.649713,全职,3-5年,"['技能培训', '节日礼物', '带薪年假', '岗位晋升']"
766,4121585,资深Python研发工程师,北京,2018-04-17 09:22:18,42.0,49551,中云网安,中云网安科技（北京）有限公司,15-50人,朝阳区,本科,A轮,数据服务,116.458855,39.909863,全职,5-10年,"['技能培训', '股票期权', '扁平管理', '定期体检']"
767,4398831,高级Python开发工程师,深圳,2018-04-10 17:47:29,19.0,51582,奥比中光,深圳奥比中光科技有限公司,50-150人,南山区,本科,C轮,"移动互联网,其他",0.0,0.0,全职,5-10年,"['技能培训', '节日礼物', '年底双薪', '股票期权']"
768,4177878,高级python开发工程师（深圳）,深圳,2018-05-02 14:29:50,28.0,78224,码隆科技,深圳码隆科技有限公司,50-150人,盐田区,本科,B轮,移动互联网,114.23745,22.55412,全职,1-3年,"['技术大牛集聚', '扁平管理', '五险一金', '领导好']"
769,4191673,高级python软件工程师，Cryptocurre,成都,2018-04-27 22:13:10,21.0,245889,网信集团,网信集团有限公司,2000人以上,高新区,本科,不需要融资,"移动互联网,金融",0.0,0.0,全职,5-10年,"['股票期权', '午餐补助', '定期体检', '带薪年假']"
770,4313110,python后台工程师,北京,2018-04-26 13:54:53,14.4,165649,混沌大学,混沌时代（北京）教育科技有限公司,150-500人,海淀区,本科,不需要融资,"移动互联网,教育",116.33356,39.971488,全职,应届毕业生,"['弹性工作', '扁平管理', '领导好', '五险一金']"
771,3751094,Python 后端开发工程师,杭州,2018-04-24 10:40:25,10.0,130680,巴九灵,杭州巴九灵文化创意有限公司,150-500人,下城区,本科,不需要融资,"文化娱乐,移动互联网",120.166755,30.315757,全职,1-3年,"['带薪年假', '弹性工作', '年度旅游', '节日礼物']"
772,2414473,Python开发工程师,北京,2018-04-20 13:09:09,9.6,62204,博汇科技,北京市博汇科技股份有限公司,150-500人,海淀区,本科,不需要融资,"硬件,文化娱乐",116.23534963,40.07790972,全职,1-3年,"['技能培训', '绩效奖金', '年度旅游', '岗位晋升']"
773,3473678,人工智能部后台工程师-Python方向,广州,2018-04-19 09:49:32,14.0,20473,广州棒谷科技股份有限公司,广州棒谷科技股份有限公司,2000人以上,白云区,本科,不需要融资,电子商务,113.271506,23.175202,全职,1-3年,"['项目奖金', '绩效奖金', '年终奖', '五险一金']"
774,3656637,Python开发工程师,北京,2018-05-02 11:12:30,24.0,6696,面包旅行,北京路玺优讯科技有限公司,50-150人,朝阳区,本科,C轮,"移动互联网,旅游",115.99339,39.99426,全职,3-5年,"['带薪年假', '岗位晋升', '年度旅游', '扁平管理']"
775,4030512,python web开发工程师,北京,2018-05-02 17:26:51,21.0,88433,北京中铁信,北京中铁信科技有限公司,150-500人,海淀区,本科,不需要融资,其他,0.0,0.0,全职,不限,"['带薪年假', '绩效奖金', '年度旅游', '定期体检']"
776,4152698,Python开发工程师,深圳,2018-04-28 11:39:43,13.6,136728,铭淏科技,深圳市铭淏网络科技有限公司,150-500人,福田区,大专,未融资,"金融,移动互联网",114.05458,22.565051,全职,1-3年,"['年底双薪', '带薪年假', '股票期权', '节日礼物']"
777,4404154,Python研发工程师,北京,2018-04-11 15:20:33,8.4,242209,云孚科技,云孚科技（北京）有限公司,15-50人,海淀区,本科,不需要融资,"企业服务,移动互联网",116.305953,40.047084,全职,不限,"['年底双薪', '股票期权', '绩效奖金', '年终分红']"
778,3522962,Python系统开发工程师,北京,2018-05-03 09:40:53,21.0,91667,聚宽 JoinQuant,北京小龙虾科技有限公司,50-150人,朝阳区,本科,B轮,"金融,数据服务",116.453565,39.907043,全职,1-3年,"['股票期权', '带薪年假', '扁平管理', '定期体检']"
779,4484366,python开发工程师,上海,2018-05-02 16:52:47,15.2,37197,我查查,我查查信息技术（上海）有限公司,150-500人,浦东新区,本科,不需要融资,移动互联网,121.6266,31.20839,全职,3-5年,"['技能培训', '年底双薪', '绩效奖金', '岗位晋升']"
780,4177570,python开发工程师(深圳),深圳,2018-05-02 14:29:49,28.0,78224,码隆科技,深圳码隆科技有限公司,50-150人,盐田区,本科,B轮,移动互联网,114.23745,22.55412,全职,1-3年,"['技术大牛集聚', '扁平管理', '五险一金', '领导好']"
781,4496667,Python量化开发工程师,深圳,2018-04-27 22:19:38,14.0,330354,牛宽科技,深圳市前海牛宽信息科技有限公司,15-50人,南山区,本科,A轮,"金融,数据服务",113.947429,22.553813,全职,3-5年,"['股票期权', '绩效奖金', '专项奖金', '午餐补助']"
782,3617364,Python（年轻人的狂欢）,上海,2018-05-03 09:35:57,15.2,72838,雷速体育,上海炫体信息科技有限公司,50-150人,虹口区,大专,不需要融资,"移动互联网,社交网络",121.487197,31.250622,全职,1-3年,"['节日礼物', '年底双薪', '专项奖金', '带薪年假']"
783,254411,Python,成都,2018-05-02 15:14:00,9.8,5436,公平价,南京价公信息技术有限公司,50-150人,武侯区,本科,A轮,"移动互联网,数据服务",104.06806023,30.53385956,全职,不限,"['股票期权', '五险一金', '节日礼物', '岗位晋升']"
784,327391,游戏研发工程师 （Python）（初级）,北京,2018-05-02 09:38:07,6.8,4178,凯奇谷,北京凯奇谷信息技术股份有限公司,150-500人,朝阳区,本科,上市公司,"移动互联网,游戏",116.462495,39.900399,全职,1-3年,"['技能培训', '股票期权', '年度旅游', '岗位晋升']"
785,4088383,Python开发工程师,上海,2018-04-27 10:45:13,9.8,24102,Hypers,上海宏路数据技术股份有限公司,50-150人,虹口区,不限,上市公司,移动互联网,121.48917,31.258345,全职,不限,"['绩效奖金', '五险一金', '带薪年假', '年度旅游']"
786,4349924,Python后端开发工程师,北京,2018-04-27 09:45:53,14.0,8861,妙计旅行,北京汇行科技有限公司,150-500人,东城区,本科,B轮,旅游,116.41498,39.948005,全职,1-3年,"['股票期权', '十四薪', '零食饮料水果', '团队氛围好']"
787,3114519,Python讲师,北京,2018-05-02 16:45:47,28.0,100164,千锋教育,北京千锋互联科技有限公司,500-2000人,海淀区,本科,A轮,移动互联网,116.370571,40.037093,全职,3-5年,"['节日礼物', '专项奖金', '股票期权', '带薪年假']"
788,4306115,大数据开发工程师【Python】,北京,2018-05-02 15:26:50,19.0,109589,新世相,北京世相科技文化有限公司,50-150人,朝阳区,本科,B轮,"移动互联网,电子商务",116.488635,40.003335,全职,3-5年,[]
789,4135405,Python后端工程师,上海,2018-05-02 15:11:28,17.0,160317,珩灵智能,上海珩灵智能科技有限公司,15-50人,闵行区,本科,不需要融资,移动互联网,121.406806,31.136986,全职,3-5年,[]
790,4410096,Python高级研发工程师,北京,2018-05-02 14:47:24,21.0,34214,乐飞天下,乐飞天下信息技术(北京)有限公司,15-50人,朝阳区,大专,未融资,"移动互联网,旅游",116.477076,39.907562,全职,5-10年,"['技能培训', '扁平管理', '五险一金', '午餐补助']"
791,4267806,python高级工程师,成都,2018-05-02 11:08:15,19.0,270982,天广汇通,北京天广汇通科技有限公司成都分公司,150-500人,高新区,本科,不需要融资,"信息安全,数据服务",104.05558,30.53895,全职,3-5年,[]
792,4299573,Python开发工程师(000638),上海,2018-05-02 09:42:50,14.0,137532,中文在线,中文在线数字出版集团股份有限公司,500-2000人,黄浦区,本科,上市公司,"教育,文化娱乐",39.897445,116.331398,全职,3-5年,"['年底双薪', '股票期权', '绩效奖金', '带薪年假']"
793,4490236,python研发工程师,北京,2018-04-26 18:35:52,21.0,373105,北京丰合智信网络科技有限公司,北京丰合智信网络科技有限公司,50-150人,海淀区,本科,不需要融资,"电子商务,金融",116.303292,40.054299,全职,3-5年,[]
794,4448114,python开发高级工程师,深圳,2018-04-23 10:27:59,28.0,353805,电竞风暴,深圳电竞风暴科技有限公司,50-150人,南山区,本科,天使轮,移动互联网 数据服务,113.949342,22.54183,全职,3-5年,"['""""']"
795,1179455,Python,深圳,2018-05-02 14:37:49,12.4,101472,美会说-深圳分公司,深圳市揽智品牌营销策划有限公司,15-50人,福田区,不限,天使轮,"移动互联网,电子商务",0.0,0.0,全职,不限,"['节日礼物', '年底双薪', '专项奖金', '股票期权']"
796,348011,python开发工程师,杭州,2018-05-02 14:08:08,14.4,34921,心书,杭州心书网络科技有限公司,15-50人,西湖区,本科,天使轮,"移动互联网,O2O",120.09685998,30.29505009,全职,1-3年,"['节日礼物', '绩效奖金', '五险一金', '弹性工作']"
797,3968193,Python后端工程师,北京,2018-04-28 10:38:32,14.6,108216,图森未来,北京图森智途科技有限公司,150-500人,朝阳区,不限,C轮,移动互联网,116.453241,39.915108,全职,不限,"['绩效奖金', '弹性工作', '五险一金', '有力的餐品']"
798,4417342,python就业指导,北京,2018-04-26 15:06:44,5.6,22462,传智播客,北京传智播客教育科技有限公司,500-2000人,昌平区,大专,C轮,教育,116.313544,40.067385,全职,不限,"['技能培训', '绩效奖金', '年度旅游', '岗位晋升']"
799,4366970,C++、Python 研发工程师,广州,2018-04-23 10:42:17,17.0,321258,飞锡科技,广州飞锡科技有限公司,少于15人,萝岗区,本科,未融资,数据服务,113.458572,23.173509,全职,5-10年,[]
800,3773745,Python开发工程师,深圳,2018-04-23 08:45:32,12.0,69152,博奥特科技,深圳市博奥特科技有限公司,150-500人,福田区,大专,未融资,"移动互联网,金融",114.057207,22.535266,全职,1-3年,"['绩效奖金', '领导好', '帅哥多', '美女多']"
801,4182773,Python开发工程师,北京,2018-04-19 14:16:35,14.0,131661,慧泽商通,慧泽商通（北京）科技有限公司,15-50人,东城区,本科,不需要融资,"企业服务,数据服务",116.436077,39.931228,全职,3-5年,"['年底双薪', '带薪年假', '通讯津贴', '午餐补助']"
802,2696205,Python架构师,北京,2018-05-02 10:36:03,32.0,413,微车,北京步鼎方舟科技有限公司,150-500人,海淀区,本科,B轮,"移动互联网,O2O",116.29650099,39.96770307,全职,5-10年,[]
803,3450447,高级Python开发工程师,北京,2018-05-02 10:29:51,28.0,29151,Yi+,北京陌上花科技有限公司,50-150人,海淀区,本科,B轮,移动互联网,116.313649,39.978272,全职,3-5年,"['股票期权', '岗位晋升', '弹性工作', '绩效奖金']"
804,3370878,Python 高级开发工程师,南京,2018-04-26 14:26:08,19.0,228819,紫光西数,紫光西部数据有限公司,150-500人,秦淮区,本科,不需要融资,"数据服务,信息安全",118.874293,32.018288,全职,3-5年,"['绩效奖金', '午餐补助', '定期体检', '交通补助']"
805,4405673,Python开发实习生,北京,2018-04-23 08:42:17,3.4,88978,海知智能,上海海知智能科技有限公司,50-150人,海淀区,本科,A轮,"移动互联网,数据服务",0.0,0.0,实习,不限,"['晋升空间大', '硅谷管理风格', '创新前沿', '尊重个性']"
806,4185502,高级Python后端研发工程师,北京,2018-04-18 18:31:50,19.0,216662,SENSORO,北京升哲科技有限公司,50-150人,朝阳区,本科,B轮,"移动互联网,硬件",116.481049,39.996796,全职,3-5年,[]
807,4379888,Python开发工程师,成都,2018-04-18 13:53:15,9.6,89025,易讯理想科技,北京易讯理想科技有限公司,50-150人,高新区,本科,天使轮,"移动互联网,广告营销",0.0,0.0,全职,1-3年,"['带薪年假', '绩效奖金', '岗位晋升', '年度旅游']"
808,4415562,python开发,西安,2018-04-13 10:17:17,11.8,289663,CNTD,福州转点教育科技有限公司西安商务信息咨询分公司,2000人以上,高新技术产业开发区,本科,A轮,移动互联网 数据服务,108.841747,34.207933,全职,1-3年,"['""""']"
809,4091204,Python图像处理开发工程师,上海,2018-05-02 15:53:39,19.0,189579,Versa,上海懿天网络科技有限公司,15-50人,徐汇区,本科,A轮,"移动互联网,文化娱乐",121.445213,31.178716,全职,1-3年,"['年底双薪', '股票期权', '帅哥多', '扁平管理']"
810,4507612,python就业指导老师(J10728),北京,2018-05-02 16:18:20,12.0,22462,传智播客,北京传智播客教育科技有限公司,500-2000人,顺义区,大专,C轮,教育,116.62848,40.163548,全职,1-3年,"['技能培训', '绩效奖金', '年度旅游', '岗位晋升']"
811,4335884,软件开发工程师（工具开发 Python）,成都,2018-05-02 10:32:04,14.0,57260,瑞数信息,瑞数信息技术(上海)有限公司,50-150人,高新区,本科,A轮,信息安全,104.0634,30.541738,全职,3-5年,"['股票期权', '带薪年假', '扁平管理', '五险一金']"
812,4092987,python开发工程师,深圳,2018-05-02 09:32:43,16.8,201020,shein,深圳库尚信息技术有限公司,2000人以上,南山区,大专,B轮,电子商务,113.971272,22.584499,全职,1-3年,[]
813,4373439,Python高级开发工程师,北京,2018-04-27 14:02:06,28.0,59446,拓天资产,拓天伟业（北京）资产管理有限公司,150-500人,丰台区,本科,未融资,金融,116.38672,39.85072,全职,3-5年,"['标准五险', '节日礼物', '带薪年假', '绩效奖金']"
814,4413419,Python工程师,南京,2018-04-23 15:48:48,12.4,104298,北明软件,北明软件有限公司,2000人以上,雨花台区,本科,上市公司,"移动互联网,数据服务",118.775829,31.973621,全职,1-3年,"['年底双薪', '股票期权', '专项奖金', '定期体检']"
815,2663008,Python 软件开发工程师,深圳,2018-04-12 18:23:49,19.0,109474,首汇焦点,首汇焦点（北京）科技有限公司,150-500人,南山区,本科,B轮,文化娱乐,113.94479,22.52804,全职,3-5年,"['定期体检', '午餐补助', '弹性工作', '节日礼物']"
816,2314861,python开发工程师,北京,2018-04-09 10:12:09,21.0,97658,融数金服,融数金服（大连）信息服务有限公司北京分工司,150-500人,朝阳区,本科,天使轮,"金融,数据服务",116.494943,39.975584,全职,3-5年,"['节日礼物', '年底双薪', '股票期权', '带薪年假']"
817,385717,高级Python开发工程师,上海,2018-05-03 09:36:25,19.6,11933,Netis,上海天旦网络科技发展有限公司,50-150人,浦东新区,本科,未融资,数据服务,121.526705,31.229081,全职,3-5年,"['节日礼物', '技能培训', '年底双薪', '带薪年假']"
818,3978538,Python数据开发工程师（数据平台）-XWJF,深圳,2018-05-02 10:17:55,19.0,161307,瀚德金融,深圳瀚德金融科技控股有限公司,150-500人,南山区,本科,不需要融资,金融,39.897445,116.331398,全职,1-3年,"['绩效奖金', '午餐补助', '定期体检', '带薪年假']"
819,4118246,Python,北京,2018-04-27 10:35:51,15.8,113697,LinkDoc,零氪信息技术（北京）有限公司,150-500人,海淀区,本科,C轮,"医疗健康,数据服务",116.313451,39.982037,全职,1年以下,"['年底双薪', '年终分红', '带薪年假', '定期体检']"
820,2758116,后端Python工程师 - CD3413,成都,2018-04-26 14:39:37,8.4,23177,点融,上海点融信息科技有限责任公司,150-500人,高新区,本科,D轮及以上,金融,104.05558,30.53895,全职,不限,"['节日礼物', '带薪年假', '岗位晋升', '扁平管理']"
821,4319629,Python工程师-SEO经验者优先,上海,2018-04-26 08:45:57,8.4,30169,担路网,上海担路网络科技有限公司,15-50人,松江区,本科,未融资,"移动互联网,企业服务",121.309643,31.114116,全职,不限,"['年终分红', '交通补助', '定期体检', '绩效奖金']"
822,4050603,Python高级后台工程师(科技园),深圳,2018-05-02 13:40:55,28.0,59521,翼果科技,翼果（深圳）科技有限公司,15-50人,南山区,本科,天使轮,"大数据,互联网,移动互联网",113.937378,22.523743,全职,1-3年,"['绩效奖金', '岗位晋升', '扁平管理', '领导好']"
823,4496099,python运维研发高级工程师,广州,2018-04-27 18:25:44,21.0,56329,久邦GOMO,广州久邦世纪科技有限公司,500-2000人,越秀区,大专,上市公司,移动互联网,0.0,0.0,全职,3-5年,"['技能培训', '节日礼物', '股票期权', '带薪年假']"
824,3975694,Python开发工程师,广州,2018-04-26 09:07:46,11.4,88390,CNICG,广州中国科学院计算机网络信息中心,50-150人,南沙区,本科,不需要融资,移动互联网,113.610934,22.748602,全职,1-3年,"['扁平管理', '定期体检', '五险一金']"
825,4471756,Python后端工程师,北京,2018-04-24 12:12:32,21.0,282633,高域海汇,北京高域海汇科技有限公司,50-150人,朝阳区,本科,不需要融资,移动互联网,0.0,0.0,全职,3-5年,"['""""']"
826,4388760,Python工程师,北京,2018-04-16 17:05:20,21.0,203869,折叠,北京折叠科技有限公司,少于15人,朝阳区,本科,天使轮,"文化娱乐,社交网络",116.491416,39.913799,全职,3-5年,[]
827,3545394,Python后端开发工程师,北京,2018-05-02 15:54:46,21.0,221192,墨云科技,北京墨云科技有限公司,15-50人,海淀区,本科,A轮,信息安全,116.309199,40.040518,全职,3-5年,"['股票期权', '午餐补助', '交通补助', '领导好']"
828,3292689,高级Python工程师/面向对象高级Python工,深圳,2018-05-02 14:43:24,21.0,107664,AKULAKU,岩心科技（深圳）有限公司,150-500人,南山区,本科,B轮,"移动互联网,金融",113.944721,22.528936,全职,3-5年,"['美女如云', '股票期权', '高速发展', '扁平管理']"
829,4200875,高级后端开发（python）,北京,2018-05-02 11:11:53,28.0,26087,美洽,成都美洽网络科技有限公司,50-150人,昌平区,本科,B轮,企业服务,116.311319,40.0655,全职,不限,"['不加班', '全员期权', '专项奖金', '五险一金']"
830,3307650,Python工程师,上海,2018-05-02 10:01:49,19.0,51480,饿了么,拉扎斯网络科技（上海）有限公司,2000人以上,普陀区,本科,D轮及以上,移动互联网,121.38240794,31.23317234,全职,1-3年,"['节日礼物', '绩效奖金', '年度旅游', '岗位晋升']"
831,3532741,Python运维开发,北京,2018-04-27 19:25:31,21.0,107423,瓜子二手车直卖网,车好多旧机动车经纪(北京)有限公司,2000人以上,海淀区,本科,C轮,O2O,116.29909497,40.03953506,全职,3-5年,"['带薪年假', '弹性工作', '免费班车', '美女多']"
832,4334492,高级python工程师,北京,2018-04-25 21:15:13,28.0,22662,学吧课堂,北京博学慎思教育科技有限公司,15-50人,昌平区,本科,A轮,教育,116.311319,40.0655,全职,3-5年,[]
833,3911445,初级Python开发工程师,上海,2018-04-25 11:53:06,19.0,165,UCloud,上海优刻得信息科技有限公司,500-2000人,杨浦区,本科,D轮及以上,"数据服务,企业服务",121.99341,30.994275,全职,1-3年,"['节日礼物', '技能培训', '股权激励计划', '代码改变世界']"
834,4443580,python讲师,北京,2018-04-18 16:17:40,21.0,100164,千锋教育,北京千锋互联科技有限公司,500-2000人,海淀区,本科,A轮,移动互联网,116.370571,40.037093,全职,3-5年,"['节日礼物', '专项奖金', '股票期权', '带薪年假']"
835,4403003,Python开发实习生（2018届）,杭州,2018-05-02 10:17:15,3.8,325,同花顺,浙江核新同花顺网络信息股份有限公司,2000人以上,余杭区,本科,上市公司,金融,119.993591,29.993662,全职,应届毕业生,"['技能培训', '节日礼物', '绩效奖金', '岗位晋升']"
836,3280088,python开发工程师,杭州,2018-05-02 09:27:36,11.2,21603,星际网络56iq,星际（杭州）网络技术有限公司,50-150人,西湖区,本科,未融资,移动互联网,120.13391,30.28309,全职,1-3年,"['股票期权', '带薪年假', '午餐补助', '岗位晋升']"
837,4288820,PHP/Python开发工程师,珠海,2018-05-02 08:56:27,14.0,341443,利保,珠海市利保机器人有限公司,50-150人,香洲区,本科,A轮,"移动互联网,硬件",113.554119,22.386811,全职,3-5年,"['带薪年假', '交通补助', '节日礼物', '扁平管理']"
838,4303498,Python 资深工程师,深圳,2018-05-02 10:44:01,21.0,142943,博众信息,深圳市博众信息技术有限公司,500-2000人,福田区,大专,不需要融资,"移动互联网,企业服务",114.046356,22.540023,全职,3-5年,[]
839,4195851,Python数据工程师,北京,2018-05-02 10:43:35,21.0,29496,闪银奇异,北京闪银奇异科技有限公司,500-2000人,朝阳区,本科,D轮及以上,"移动互联网,金融",116.983011,36.612889,全职,1-3年,"['13~15薪', '晋升空间大', '定期体检', '能力定薪']"
840,4123475,Python/Django工程师,深圳,2018-04-26 14:14:38,14.0,65961,聚客软件,深圳市库瑞德科技有限公司,少于15人,福田区,不限,天使轮,"电子商务,O2O",114.022476,22.534799,全职,1-3年,"['股票期权', '扁平管理', '五险一金', '弹性工作']"
841,4404834,python,深圳,2018-04-11 16:06:56,14.0,34592,沃享科技,深圳市沃享科技有限公司,15-50人,南山区,大专,A轮,移动互联网,113.950158,22.585553,全职,1-3年,"['技能培训', '节日礼物', '年底双薪', '带薪年假']"
842,4100164,Python讲师,北京,2018-04-28 15:31:55,24.0,30060,中公教育,北京中公教育科技股份有限公司,2000人以上,海淀区,本科,未融资,教育,116.35125,40.010953,全职,3-5年,"['五险一金', '年终奖金', '绩效奖金', '岗位晋升']"
843,4104365,Python后端开发工程师,上海,2018-04-24 10:39:31,21.0,308812,Xmov,魔珐（上海）信息科技有限公司,15-50人,徐汇区,本科,天使轮,"移动互联网,数据服务",121.417147,31.175781,全职,3-5年,"['明星团队', '股票期权', '顶级科学家', '顶级风投']"
844,4371030,资深python工程师,上海,2018-04-19 09:41:36,24.0,190022,汇正财经（牛客财经））,广州汇正财经顾问有限公司,500-2000人,普陀区,本科,未融资,金融,,,全职,3-5年,[]
845,3177956,代码编程老师（Python）,深圳,2018-05-02 17:24:35,10.8,110722,编玩边学,深圳市编玩边学教育科技有限公司,50-150人,南山区,本科,B轮,"教育,游戏",113.986923,22.54772,全职,不限,"['专项奖金', '股票期权', '绩效奖金', '午餐补助']"
846,4501303,Java/Python软件技术工程师,广州,2018-04-28 17:55:55,14.0,105914,麦媒,广州麦媒信息科技有限公司,15-50人,海珠区,不限,未融资,"移动互联网,企业服务",112.993461,22.994261,全职,1-3年,"['岗位晋升', '五险一金', '年底双薪']"
847,4381984,Python研发工程师,上海,2018-04-28 17:20:05,8.2,297729,豌豆科技,上海豌豆信息技术有限公司,50-150人,浦东新区,大专,不需要融资,"教育,信息安全",0.0,0.0,全职,1-3年,"['专项奖金', '年度旅游', '扁平管理', '技能培训']"
848,4048447,高级Python开发工程师,北京,2018-04-28 11:06:58,34.0,161516,成安科技,成安（北京）科技发展有限公司,15-50人,朝阳区,本科,天使轮,"金融,数据服务",116.45295,39.91554,全职,3-5年,['提供免费午餐']
849,4388129,Python工程师,北京,2018-04-27 13:38:47,21.0,1575,百度,百度在线网络技术（北京）有限公司,2000人以上,海淀区,本科,不需要融资,"移动互联网,数据服务",116.301396,40.050909,全职,1-3年,"['股票期权', '弹性工作', '五险一金', '免费班车']"
850,4447350,python开发工程师,成都,2018-04-19 10:37:39,8.8,369168,中环康源,四川中环康源卫生技术服务有限公司,150-500人,高新区,本科,不需要融资,"医疗健康,其他",104.030421,30.61563,全职,3-5年,"['""""']"
851,4229446,高级Python后端研发工程师,北京,2018-04-18 18:31:51,19.0,216662,SENSORO,北京升哲科技有限公司,50-150人,朝阳区,本科,B轮,"移动互联网,硬件",116.481049,39.996796,全职,3-5年,[]
852,4395481,服务器开发golang、Python,北京,2018-04-10 13:27:27,38.0,128449,鹏润控股集团,北京鹏润金服在线信息技术有限公司,500-2000人,海淀区,本科,不需要融资,金融,116.314526,39.982338,全职,3-5年,"['年底双薪', '专项奖金', '绩效奖金', '定期体检']"
853,4507420,Python中高级Web端开发工程师,成都,2018-05-02 16:00:50,11.2,302212,成都浩海通达科技有限公司,成都浩海通达科技有限公司,15-50人,高新区,本科,不需要融资,移动互联网,104.063162,30.547266,全职,不限,"['""""']"
854,3890002,python高级开发工程师,成都,2018-05-02 09:12:06,21.0,271992,源码时代,四川源码时代科技有限公司,150-500人,高新区,大专,不需要融资,移动互联网,104.054257,30.587234,全职,3-5年,[]
855,4114706,Python开发实习生,上海,2018-04-27 09:11:36,5.4,115002,数旦信息,上海数旦信息技术有限公司,少于15人,徐汇区,本科,A轮,"移动互联网,金融",121.431047,31.160792,实习,应届毕业生,"['绩效奖金', '股票期权', '定期体检', '年度旅游']"
856,3880843,高级Python工程师,上海,2018-04-23 11:55:04,19.6,532,看见音乐,欢唱网络科技（上海）有限公司,15-50人,虹口区,本科,A轮,文化娱乐,120.993464,30.994061,全职,3-5年,"['扁平管理', '年度旅游', '技能培训', '岗位晋升']"
857,4434405,Python工程师（初级，中级，高级）,上海,2018-04-23 09:42:28,16.8,122019,脉策数据,上海脉策数据科技有限公司,50-150人,杨浦区,本科,A轮,"数据服务,企业服务",121.50781,31.287994,全职,不限,"['年底双薪', '股票期权', '午餐补助', '定期体检']"
858,4403912,Python工程师,北京,2018-04-11 15:04:49,23.8,145586,CloudIn,北京云英传奇技术有限公司,50-150人,朝阳区,本科,A轮,"移动互联网,数据服务",116.427613,40.006173,全职,3-5年,"['绩效奖金', '定期体检', '带薪年假', '弹性工作']"
859,3759257,Python工程师（数据方向）,天津,2018-05-03 09:30:42,7.0,189779,安博伟业,天津市安博伟业科技有限公司,少于15人,河西区,本科,未融资,"移动互联网,企业服务",117.180296,39.098839,全职,1-3年,"['扁平管理', '领导好', '五险一金', '岗位晋升']"
860,4145759,Python大数据开发工程师,北京,2018-05-03 09:26:56,35.0,106289,PALMAX,北京棕榈创想科技有限公司,50-150人,海淀区,本科,A轮,移动互联网,116.315023,40.035941,全职,3-5年,"['绩效奖金', '交通补助', '定期体检', '午餐补助']"
861,3623294,Python 开发实习生,成都,2018-05-02 16:09:17,3.4,53142,知道创宇,成都知道创宇信息技术有限公司,500-2000人,高新区,本科,C轮,信息安全,103.99341,30.994233,实习,应届毕业生,"['节日礼物', '岗位晋升', '美女多', '领导好']"
862,3347934,Python后台开发/数据平台/Senior,深圳,2018-05-02 14:43:25,21.0,107664,AKULAKU,岩心科技（深圳）有限公司,150-500人,南山区,本科,B轮,"移动互联网,金融",113.943847,22.529055,全职,3-5年,"['美女如云', '股票期权', '高速发展', '扁平管理']"
863,4458074,Python开发,成都,2018-05-01 22:50:13,4.2,310604,吉吉戈,成都吉吉戈科技有限公司,50-150人,高新区,大专,未融资,移动互联网、电子商务,104.061686,30.576766,全职,1年以下,"['""""']"
864,4495530,中级python开发工程师,北京,2018-04-27 17:23:38,24.0,100530,超萌,北京超萌国际文化有限公司,50-150人,海淀区,本科,A轮,"数据服务,企业服务",116.337742,39.992894,全职,3-5年,"['股票期权', '扁平管理', '领导好', '技术驱动']"
865,4371647,高级Python开发工程师,深圳,2018-04-27 09:35:06,21.0,322508,光启集团,深圳光启超材料技术有限公司,500-2000人,南山区,本科,上市公司,"数据服务,硬件",113.937833,22.522872,全职,3-5年,"['股票期权', '定期体检', '专项奖金', '年度旅游']"
866,4469471,Python讲师,深圳,2018-04-24 09:39:54,19.0,100164,千锋教育,北京千锋互联科技有限公司,500-2000人,宝安区,大专,A轮,移动互联网,113.837547,22.625771,全职,3-5年,"['节日礼物', '专项奖金', '股票期权', '带薪年假']"
867,2957251,高级运维开发工程师(Python),深圳,2018-04-19 15:35:26,19.0,156488,深圳市泛娱科技有限公司,深圳市泛娱科技有限公司,15-50人,南山区,大专,B轮,"移动互联网,游戏",113.952918,22.540845,全职,3-5年,"['年底双薪', '午餐补助', '定期体检', '弹性工作']"
868,4107911,开发工程师-JAVA/R/Python,深圳,2018-05-02 11:15:41,14.0,321001,微众税银,深圳微众税银信息服务有限公司,50-150人,南山区,本科,B轮,"金融,数据服务",113.940875,22.545767,全职,3-5年,"['年底双薪', '午餐补助', '年终分红', '绩效奖金']"
869,4372081,Python开发工程师,广州,2018-05-02 10:40:17,3.8,358806,广州登风网络开发有限公司,广州登风网络开发有限公司,150-500人,天河区,大专,未融资,"移动互联网,游戏",113.407274,23.131814,全职,应届毕业生,"['""""']"
870,3498074,Python工程师,北京,2018-04-30 13:10:26,8.4,197752,深度好奇,深度好奇（北京）科技有限公司,15-50人,海淀区,本科,天使轮,"企业服务,数据服务",116.335774,39.99468,全职,不限,"['机器学习', '深度学习', '自然语言处理', 'NLP']"
871,4484793,python工程师,郑州,2018-04-26 10:17:16,6.2,43330,悟空CRM,郑州卡卡罗特软件科技有限公司,50-150人,经开区,大专,未融资,"移动互联网,数据服务",113.75049,34.7234,全职,1-3年,"['节日礼物', '扁平管理', '领导好', '美女多']"
872,4048474,Python开发工程师,广州,2018-04-10 14:18:45,16.0,50784,蓝盾信息安全技术股份有限公司,蓝盾信息安全技术股份有限公司,500-2000人,天河区,本科,上市公司,信息安全,113.37394,23.11910001,全职,1-3年,"['技能培训', '节日礼物', '绩效奖金', '岗位晋升']"
873,3941501,python开发工程师,西安,2018-04-28 11:46:34,8.2,98183,泥巴创客空间,西安美刻信息科技有限公司,15-50人,碑林区,本科,天使轮,社交网络,108.933931,34.230384,全职,1-3年,"['股票期权', '带薪年假', '绩效奖金', '年度旅游']"
874,4254613,Python开发实习生-短视频方向,上海,2018-04-24 20:12:34,5.6,62,字节跳动,北京字节跳动科技有限公司,2000人以上,黄浦区,本科,C轮,"移动互联网,数据服务",31.203365,31.203365,实习,不限,"['扁平管理', '弹性工作', '大厨定制三餐', '就近租房补贴']"
875,3854151,Python讲师,青岛,2018-04-24 10:23:51,28.0,100164,千锋教育,北京千锋互联科技有限公司,500-2000人,市南区,本科,A轮,移动互联网,120.371104,36.084148,全职,3-5年,"['节日礼物', '专项奖金', '股票期权', '带薪年假']"
876,3391108,java/python服务器开发工程师,武汉,2018-04-23 12:11:21,19.0,129842,猫头鹰团队,武汉猫鹰科技有限公司,50-150人,江夏区,本科,A轮,"移动互联网,社交网络",114.424058,30.463068,全职,不限,"['带薪年假', '定期体检', '绩效奖金', '技能培训']"
877,4387359,python 工程师,武汉,2018-04-09 11:34:36,9.6,113404,武汉镝次元,武汉镝次元数据科技有限公司,15-50人,洪山区,本科,天使轮,"数据服务,移动互联网",114.355287,30.526426,全职,3-5年,[]
878,3976997,Python开发工程师,北京,2018-05-02 11:29:08,12.0,303803,新余嘉壮,新余嘉壮投资管理有限公司,15-50人,海淀区,本科,不需要融资,"移动互联网,金融",116.303018,40.051279,全职,1-3年,"['""""']"
879,3738059,Python高级开发工程师,北京,2018-04-30 09:30:48,17.0,61016,棣南新宇,北京棣南新宇科技有限公司,50-150人,海淀区,本科,不需要融资,"移动互联网,数据服务",116.3217,39.97581,全职,3-5年,"['五险一金', '领导好', '扁平管理', '节日礼物']"
880,3448696,python开发工程师,南京,2018-04-25 18:49:24,4.8,158534,小诚,小诚（北京）文化传媒有限公司,15-50人,秦淮区,本科,天使轮,移动互联网,0.0,0.0,全职,1-3年,[]
881,4416481,Python工程师,北京,2018-04-20 19:04:00,21.0,324046,乐学在线,乐学在线教育科技（北京）有限公司,500-2000人,海淀区,本科,B轮,"移动互联网,教育",116.305489,39.982284,全职,3-5年,"['年底双薪', '股票期权', '午餐补助', '带薪年假']"
882,4354492,高级python 工程师,北京,2018-04-17 15:11:42,17.0,47026,云和恩墨,云和恩墨（北京）信息技术有限公司,150-500人,朝阳区,本科,不需要融资,数据服务,116.451827,39.913476,全职,3-5年,"['年底双薪', '技能培训', '节日礼物', '带薪年假']"
883,4255534,Python后端工程师,深圳,2018-04-24 11:46:57,17.8,28121,KLOOK 客路旅行,深圳市客路网络科技有限公司,150-500人,福田区,本科,C轮,"移动互联网,旅游",113.993578,22.99368,全职,1-3年,"['零食水果供应', '带薪年假', '绩效奖金', '扁平管理']"
884,3806282,高级Python工程师,长沙,2018-04-23 15:29:14,14.0,10043,康通,湖南康通电子股份有限公司,150-500人,芙蓉区,本科,未融资,移动互联网,113.066105,28.215447,全职,1-3年,"['技能培训', '效益奖金', '岗位晋升', '通讯津贴']"
885,3919408,Python讲师,西安,2018-04-23 09:09:27,21.0,100164,千锋教育,北京千锋互联科技有限公司,500-2000人,高新技术产业开发区,大专,A轮,移动互联网,108.876437,34.218012,全职,3-5年,"['节日礼物', '专项奖金', '股票期权', '带薪年假']"
886,3806282,高级Python工程师,长沙,2018-04-23 15:29:14,14.0,10043,康通,湖南康通电子股份有限公司,150-500人,芙蓉区,本科,未融资,移动互联网,113.066105,28.215447,全职,1-3年,"['技能培训', '效益奖金', '岗位晋升', '通讯津贴']"
887,4465898,Python开发工程师,广州,2018-04-23 15:25:49,13.2,187049,广州微用科技,广州微用信息科技有限公司,少于15人,天河区,大专,不需要融资,移动互联网,113.388773,23.126054,全职,3-5年,"['年底双薪', '绩效奖金', '上班用mac', '技能培训']"
888,3192578,Python开发工程师,北京,2018-05-02 15:59:09,21.0,520,小米,北京小米科技有限责任公司,2000人以上,海淀区,本科,D轮及以上,移动互联网,116.332762,40.030489,全职,1-3年,"['快速成长', '免费班车', '扁平管理', '技能培训']"
889,4177236,高级python工程师（北京）,北京,2018-05-02 14:29:50,31.0,78224,码隆科技,深圳码隆科技有限公司,50-150人,海淀区,本科,B轮,移动互联网,116.306337,39.981802,全职,1-3年,"['技术大牛集聚', '扁平管理', '五险一金', '领导好']"
890,4100025,高级Python工程师-CD2818,成都,2018-05-02 10:54:06,19.0,168219,贝壳金控,贝壳金控控股集团有限公司,500-2000人,高新区,本科,未融资,金融、移动互联网,104.056731,30.586036,全职,3-5年,"['专项奖金', '年终分红', '定期体检', '绩效奖金']"
891,3849452,Python 数据开发工程师,北京,2018-05-02 10:32:54,28.0,29496,闪银奇异,北京闪银奇异科技有限公司,500-2000人,朝阳区,本科,D轮及以上,"移动互联网,金融",116.466553,39.934441,全职,3-5年,"['13~15薪', '晋升空间大', '定期体检', '能力定薪']"
892,4104009,Python教员/讲师,上海,2018-05-02 09:28:02,14.0,193600,职坐标,上海海同优才教育培训有限责任公司,150-500人,浦东新区,本科,B轮,"其他,教育",121.586532,31.207156,全职,3-5年,[]
893,4121171,高级后端工程师 （python/Django方向),北京,2018-04-28 15:00:08,21.0,286626,区块科技,北京区块科技有限公司,15-50人,朝阳区,不限,不需要融资,"金融,其他",116.459351,39.932964,全职,3-5年,"['区块链', '绩效奖金', '年终分红', '带薪年假']"
894,3407732,JAVA/PHP/PYTHON开发工程师,上海,2018-05-02 11:16:13,12.0,68039,磐途网络,上海磐途网络科技有限公司,15-50人,徐汇区,本科,A轮,"移动互联网,O2O",121.405301,31.164214,全职,3-5年,"['带薪年假', '五险一金', '岗位晋升', '弹性工作']"
895,3843615,Python实习（可留用）,武汉,2018-04-27 11:06:11,2.4,7936,武汉安天,武汉安天信息技术有限责任公司,150-500人,东湖新技术开发区,本科,未融资,移动互联网,114.492964,30.559387,实习,应届毕业生,"['绩效奖金', '专项奖金', '五险一金', '带薪年假']"
896,4098417,Python开发工程师（广深）,广州,2018-04-22 15:15:59,15.8,29292,嘉为科技咨询,广州嘉为科技咨询有限公司,150-500人,天河区,本科,未融资,"企业服务 ,数据服务",113.32985,23.13377,全职,3-5年,"['年底双薪', '技能培训', '绩效奖金', '年度旅游']"
897,4181273,python高级工程师,上海,2018-04-09 10:25:45,19.0,37293,数腾科技,上海数腾软件科技有限公司,150-500人,普陀区,本科,未融资,数据服务,121.393078,31.220678,全职,3-5年,"['技能培训', '节日礼物', '年底双薪', '股票期权']"
898,3904442,大数据应用工程师-Python,上海,2018-04-08 19:11:37,28.0,113723,上海拿米金服,上海拿米金融信息服务有限公司,150-500人,徐汇区,大专,不需要融资,"移动互联网,金融",121.410559,31.171432,全职,3-5年,"['年底双薪', '股票期权', '带薪年假', '通讯津贴']"
899,3830261,Python开发工程师（校招）,北京,2018-05-02 11:39:38,5.6,22139,第三石科技,北京第三石科技发展有限公司,50-150人,朝阳区,本科,B轮,"移动互联网,电子商务",116.481049,39.996796,实习,应届毕业生,"['股票期权', '交通补助', '带薪年假', '扁平管理']"
900,3049720,python运维开发工程师,北京,2018-04-18 10:32:08,6.8,25317,金证股份,深圳市金证科技股份有限公司,2000人以上,海淀区,本科,上市公司,金融,116.32823,39.957415,全职,1-3年,"['激情的团队', '股票期权', '努力变大牛', '有舞台给您跳']"
901,3024334,Python开发/Odoo开发,上海,2018-04-16 17:11:10,14.0,46549,ELICO-CORP,上海寰享网络科技有限公司,15-50人,长宁区,大专,未融资,"旅游,数据服务",121.394917,31.212381,全职,1-3年,[]
902,4355541,Python后端开发工程师,广州,2018-05-03 09:41:19,12.0,55237,漫灵软件,广州市漫灵软件有限公司,150-500人,天河区,大专,未融资,移动互联网,113.375657,23.132664,全职,1-3年,"['节日礼物', '年底双薪', '带薪年假', '绩效奖金']"
903,4128511,Python工程师,北京,2018-04-27 10:35:51,21.0,113697,LinkDoc,零氪信息技术（北京）有限公司,150-500人,海淀区,本科,C轮,"医疗健康,数据服务",116.313451,39.982037,全职,1-3年,"['年底双薪', '年终分红', '带薪年假', '定期体检']"
904,3586386,Python服务器开发,武汉,2018-04-23 12:11:21,14.0,129842,猫头鹰团队,武汉猫鹰科技有限公司,50-150人,江夏区,本科,A轮,"移动互联网,社交网络",114.424058,30.463068,全职,3-5年,"['带薪年假', '定期体检', '绩效奖金', '技能培训']"
905,4282071,Python开发工程师,广州,2018-05-03 09:19:32,3.8,320365,胖虾网络,广州胖虾网络科技有限公司,50-150人,海珠区,大专,不需要融资,"移动互联网,电子商务",113.320293,23.096004,全职,应届毕业生,"['""""']"
906,4401324,python实习生 （后端）,广州,2018-05-03 09:15:04,2.8,169002,修炼,广东修炼科技股份有限公司,50-150人,天河区,大专,不需要融资,移动互联网,113.33759,23.127164,实习,1年以下,"['股票期权', '弹性工作', '美女多', '扁平管理']"
907,4204856,Python工程师,广州,2018-05-02 16:48:41,11.2,89313,米多网络,广州米多网络科技有限公司,50-150人,天河区,大专,A轮,"移动互联网,电子商务",112.993461,22.994261,全职,1-3年,"['带薪年假', '管理规范', '年底双薪', '股票期权']"
908,4050877,Python资深后台工程师(科技园),深圳,2018-05-02 13:40:55,35.0,59521,翼果科技,翼果（深圳）科技有限公司,15-50人,南山区,本科,天使轮,"大数据,互联网,移动互联网",113.937378,22.523743,全职,3-5年,"['绩效奖金', '岗位晋升', '扁平管理', '领导好']"
909,3856286,运维工程师（Python）,上海,2018-05-02 11:49:00,10.0,24995,泛微,上海泛微网络科技股份有限公司,2000人以上,闵行区,本科,上市公司,"移动互联网,企业服务",121.525236,31.080356,全职,1-3年,"['技能培训', '带薪年假', '绩效奖金', '岗位晋升']"
910,4200834,初级后端开发（python）,北京,2018-05-02 11:11:54,10.8,26087,美洽,成都美洽网络科技有限公司,50-150人,昌平区,本科,B轮,企业服务,116.311319,40.0655,全职,1-3年,"['不加班', '全员期权', '专项奖金', '五险一金']"
911,4350664,Python开发工程师,西安,2018-05-02 10:22:27,12.0,353709,西安哈希码,西安哈希码信息技术有限公司,15-50人,高新技术产业开发区,不限,不需要融资,"移动互联网,电子商务",108.885361,34.226723,全职,不限,"['""""']"
912,2633872,python开发工程师,深圳,2018-04-28 14:13:49,14.0,47871,微思敦,武汉微思敦网络技术有限公司,50-150人,南山区,本科,不需要融资,"移动互联网,广告营销",113.993578,22.99368,全职,1-3年,"['五险一金', '绩效奖金', '交通补助', '通讯津贴']"
913,4341823,python/lua开发,深圳,2018-04-26 10:17:45,12.0,86861,爱致科技,深圳爱致科技有限公司,15-50人,南山区,本科,A轮,"移动互联网,游戏",113.950153,22.550392,全职,1-3年,"['带薪年假', '年度旅游', '扁平管理', '五险一金']"
914,4118481,Python开发工程师,北京,2018-04-26 17:41:29,21.0,321870,iHandy,北京汉迪移动互联网科技股份有限公司,150-500人,海淀区,本科,不需要融资,移动互联网,116.339299,39.992408,全职,1-3年,"['带薪年假', '定期体检', '文化open', '美女多']"
915,4118481,Python开发工程师,北京,2018-04-26 17:41:29,21.0,321870,iHandy,北京汉迪移动互联网科技股份有限公司,150-500人,海淀区,本科,不需要融资,移动互联网,116.339299,39.992408,全职,1-3年,"['带薪年假', '定期体检', '文化open', '美女多']"
916,3847312,Python工程师,杭州,2018-04-23 09:38:18,15.2,289039,工地云,青岛工地云数据运营有限公司,15-50人,西湖区,本科,未融资,"移动互联网,数据服务",120.124847,30.2768,全职,3-5年,"['领导好', '双休', '五险一金', '扁平管理']"
917,4074824,高级服务器端Python工程师,北京,2018-05-02 10:32:54,36.0,29496,闪银奇异,北京闪银奇异科技有限公司,500-2000人,朝阳区,本科,D轮及以上,"移动互联网,金融",116.466553,39.934441,全职,3-5年,"['13~15薪', '晋升空间大', '定期体检', '能力定薪']"
918,4205025,Python工程师,深圳,2018-04-23 17:48:42,8.4,34983,中安网域,深圳市中安网域科技有限公司,15-50人,南山区,不限,未融资,"移动互联网,信息安全",0.0,0.0,全职,1-3年,"['节日礼物', '年底双薪', '专项奖金', '带薪年假']"
919,4236034,python运维开发工程师,北京,2018-04-17 10:55:06,21.0,106303,搜狐集团,北京搜狐新媒体信息技术有限公司,2000人以上,海淀区,本科,上市公司,"移动互联网,广告营销",0.0,0.0,全职,3-5年,"['节日礼物', '项目奖金', '弹性工作时间', '15天年假']"
920,4254496,Python工程师（运维开发）,苏州,2018-04-03 16:42:05,14.0,46629,金诚集团,浙江诚泽金开投资管理有限公司,2000人以上,高新区,本科,上市公司,金融,120.572432,31.292564,全职,3-5年,"['技能培训', '节日礼物', '带薪年假', '年度旅游']"
921,3548108,Python开发,杭州,2018-05-02 11:27:20,21.0,205354,同花顺,浙江同花顺基金销售有限公司,2000人以上,余杭区,本科,上市公司,"移动互联网,金融",120.045424,30.291923,全职,3-5年,[]
922,3361143,Python导师,武汉,2018-04-25 11:34:20,15.2,22462,传智播客,北京传智播客教育科技有限公司,500-2000人,东湖新技术开发区,大专,C轮,教育,114.42250015,30.45474032,全职,3-5年,"['技能培训', '绩效奖金', '年度旅游', '岗位晋升']"
923,4367110,Python高级研发工程师,成都,2018-04-23 14:28:43,12.0,210161,乐为科技,四川乐为科技有限公司,15-50人,高新区,本科,未融资,"数据服务,信息安全",104.056214,30.538434,全职,3-5年,"['带薪年假', '绩效奖金', '领导好', '五险一金']"
924,4292518,python开发工程师,北京,2018-04-21 15:59:18,16.8,1902,下厨房,北京下厨房科技有限公司,50-150人,海淀区,本科,B轮,移动互联网,116.233092,40.027434,全职,不限,"['五险一金', '弹性工作', '带薪年假', '股票期权']"
925,4093063,Python客户端高级开发工程师（我的世界）,广州,2018-04-18 15:57:48,15.2,22790,网易游戏,广州博冠信息科技有限公司,2000人以上,天河区,本科,上市公司,游戏,0.0,0.0,全职,1-3年,"['绩效奖金', '年终分红', '专项奖金', '年底双薪']"
926,4200856,中级后端开发（python）,北京,2018-05-02 11:11:54,21.0,26087,美洽,成都美洽网络科技有限公司,50-150人,昌平区,本科,B轮,企业服务,116.311319,40.0655,全职,3-5年,"['不加班', '全员期权', '专项奖金', '五险一金']"
927,4325264,python架构师,上海,2018-05-02 08:53:47,29.0,191872,Zenlayer,上海层峰网络科技有限公司,50-150人,静安区,本科,B轮,"数据服务,移动互联网",121.435759,31.292043,全职,5-10年,"['五险一金', '岗位晋升', '年度旅游', '定期体检']"
928,4496532,python开发工程师,杭州,2018-04-27 20:35:38,11.2,367160,曲正科技,曲正科技（杭州）有限责任公司,少于15人,滨江区,不限,A轮,"移动互联网,数据服务",120.205863,30.203901,全职,1-3年,[]
929,4152250,Python高级开发工程师,成都,2018-04-24 09:43:41,12.0,199953,成都肆零肆,成都市肆零肆网络科技有限公司,15-50人,武侯区,本科,未融资,"信息安全,数据服务",104.041018,30.625682,全职,3-5年,"['弹性工作', '帅哥多', '节日礼物', '管理规范']"
930,4152250,Python高级开发工程师,成都,2018-04-24 09:43:41,12.0,199953,成都肆零肆,成都市肆零肆网络科技有限公司,15-50人,武侯区,本科,未融资,"信息安全,数据服务",104.041018,30.625682,全职,3-5年,"['弹性工作', '帅哥多', '节日礼物', '管理规范']"
931,4207477,Python开发工程师,南京,2018-05-02 14:52:17,10.8,280072,鸿信,江苏鸿信系统集成有限公司,500-2000人,鼓楼区,不限,未融资,其他,118.769958,32.043777,全职,不限,"['""""']"
932,4411306,Python开发工程师,深圳,2018-05-02 10:59:47,14.0,86962,深圳市安络科技有限公司,深圳市安络科技有限公司,150-500人,南山区,大专,未融资,信息安全,113.920689,22.499177,全职,3-5年,"['节日礼物', '年底双薪', '专项奖金', '带薪年假']"
933,4382113,Python开发工程师,北京,2018-05-01 22:51:08,18.2,89428,SURVEY,北京视维腾越科技有限公司,150-500人,海淀区,本科,未融资,"移动互联网,电子商务",116.32244,39.95744,全职,1-3年,"['节日礼物', '年底双薪', '带薪年假', '绩效奖金']"
934,4496529,Python高级工程师,北京,2018-04-27 20:33:17,19.0,299126,九星数宇,北京九星数宇网络科技有限公司,15-50人,海淀区,本科,天使轮,"金融,数据服务",116.302899,40.046188,全职,3-5年,"['""""']"
935,1811627,Python开发工程师(安全方向),北京,2018-04-27 10:57:52,28.0,129,陌陌,北京陌陌科技有限公司,500-2000人,朝阳区,大专,上市公司,社交网络,116.479717,39.99502406,全职,1-3年,"['岗位晋升', '帅哥多', '管理规范', '技能培训']"
936,3126156,python工程师,杭州,2018-04-25 14:20:04,22.8,142988,云汽配配,杭州云汽配配科技有限公司,15-50人,上城区,本科,天使轮,移动互联网,119.993591,29.993662,全职,1-3年,"['弹性工作', '扁平管理', '五险一金', '双休']"
937,3271901,高级Python开发,武汉,2018-04-19 09:49:15,14.0,73915,轻文,武汉空文网络科技有限公司,15-50人,洪山区,大专,A轮,文化娱乐,114.422949,30.479917,全职,1-3年,"['年底双薪', '股票期权', '带薪年假', '绩效奖金']"
938,4175886,Python数据开发工程师,上海,2018-05-02 14:42:47,9.8,87477,上海润客投资控股有限公司,上海润客投资控股有限公司,50-150人,杨浦区,本科,A轮,"移动互联网,金融",121.99341,30.994275,全职,不限,"['节日礼物', '带薪年假', '绩效奖金', '扁平管理']"
939,2635147,python开发工程师,上海,2018-05-02 13:46:13,17.0,38786,众标网络科技,北京众标网络科技有限公司上海分公司,50-150人,徐汇区,本科,A轮,"电子商务,企业服务",120.993464,30.994061,全职,1-3年,"['股票期权', '带薪年假', '年度旅游', '扁平管理']"
940,4416190,量化工程师C#／/C++／Java／ python,杭州,2018-05-02 11:26:26,28.0,170794,鸿略,浙江鸿略信息科技有限公司,50-150人,滨江区,本科,A轮,"金融,移动互联网",120.216039,30.220352,全职,1-3年,"['绩效奖金', '带薪年假', '交通补助', '午餐补助']"
941,4450476,Python高级开发工程师,上海,2018-04-26 10:30:50,24.0,77902,帧联,上海帧联信息科技有限公司,15-50人,浦东新区,大专,天使轮,"移动互联网,企业服务",121.62835,31.212856,全职,5-10年,"['年底双薪', '专项奖金', '股票期权', '带薪年假']"
942,4075805,Python研发工程师,上海,2018-04-23 14:43:48,17.8,317244,Each+,上海趋佳信息科技有限公司,15-50人,浦东新区,本科,天使轮,移动互联网,121.513539,31.204844,全职,3-5年,[]
943,4237278,Python开发工程师,深圳,2018-04-20 19:44:57,17.0,1720,万兴科技股份有限公司,万兴科技股份有限公司,150-500人,南山区,本科,上市公司,移动互联网,113.936816,22.524171,全职,3-5年,"['股票期权', '骨干配车', '创业平台', '餐饮补助']"
944,4423182,Python开发工程师,深圳,2018-04-15 17:08:21,21.0,51582,奥比中光,深圳奥比中光科技有限公司,50-150人,南山区,本科,C轮,"移动互联网,其他",0.0,0.0,全职,3-5年,"['技能培训', '节日礼物', '年底双薪', '股票期权']"
945,4357420,python助教老师,深圳,2018-05-02 22:55:17,9.4,102212,达内集团,达内时代科技集团有限公司,2000人以上,龙华新区,大专,上市公司,"移动互联网,教育",114.03986,22.623129,全职,1-3年,"['技能培训', '股票期权', '专项奖金', '带薪年假']"
946,4244880,Python开发工程师,杭州,2018-04-28 14:46:42,11.2,116650,牛盾网络,杭州牛盾网络技术有限公司,15-50人,余杭区,大专,不需要融资,"信息安全,移动互联网",120.012904,30.277007,全职,1-3年,"['绩效奖金', '带薪年假', '弹性工作', '扁平管理']"
947,493232,Python开发实习生,北京,2018-04-27 09:45:54,4.2,8861,妙计旅行,北京汇行科技有限公司,150-500人,东城区,本科,B轮,旅游,116.41497999,39.94801007,实习,不限,"['股票期权', '十四薪', '零食饮料水果', '团队氛围好']"
948,97805,高级python开发工程师,北京,2018-05-02 14:53:59,21.0,179,她理财,北京新工场投资顾问有限公司,50-150人,朝阳区,本科,A轮,"移动互联网,金融",116.47424,39.90694007,全职,1-3年,"['年底双薪', '节日礼物', '技能培训', '绩效奖金']"
949,3477944,python开发工程师,广州,2018-04-26 11:21:11,14.4,19209,省省回头车,广州回头车信息科技有限公司,15-50人,天河区,大专,A轮,生活服务,,,全职,1-3年,"['绩效奖金', '五险一金', '通讯津贴', '带薪年假']"
950,4471738,python数据工程师,北京,2018-04-24 12:10:35,21.0,282633,高域海汇,北京高域海汇科技有限公司,50-150人,朝阳区,本科,不需要融资,移动互联网,0.0,0.0,全职,1年以下,"['""""']"
951,4456501,高级Python开发工程师,广州,2018-04-20 14:23:24,17.6,70288,保利威视,广州易方信息科技有限公司,50-150人,番禺区,大专,上市公司,企业服务,112.993461,22.994261,全职,3-5年,"['技能培训', '年底双薪', '节日礼物', '提供住宿']"
952,4186599,python开发工程师,杭州,2018-04-18 16:34:01,19.0,175821,娱网科道,娱网科道网络科技有限公司,15-50人,西湖区,大专,不需要融资,"移动互联网,文化娱乐",120.068117,30.281707,全职,3-5年,"['年底双薪', '交通补助', '扁平管理', '领导好']"
953,3536941,Python工程师,长沙,2018-04-16 10:58:16,10.8,245850,人和未来,人和未来生物科技（长沙）有限公司,150-500人,开福区,本科,A轮,"医疗健康,数据服务",112.958524,28.348735,全职,3-5年,"['定期体检', '带薪年假', '午餐补助', '年度旅游']"
954,3018083,Python工程师,上海,2018-05-02 14:20:40,14.0,27024,italki,千言信息技术（上海）有限公司,50-150人,静安区,本科,A轮,"电子商务,教育",121.43694,31.2327,全职,1-3年,"['股票期权', '20天年假', '高端医疗保险', '学习基金计划']"
955,4272041,高级python开发工程师,北京,2018-05-01 23:28:17,21.0,23682,新意互动,北京新意互动广告有限公司,500-2000人,海淀区,本科,上市公司,广告营销,116.32744346,39.93797217,全职,3-5年,"['年终分红', '绩效奖金', '五险一金', '交通补助']"
956,4449694,高级python后台服务研发工程师,北京,2018-04-26 15:32:39,19.0,317499,紫荆视通,北京紫荆视通科技有限公司,15-50人,海淀区,本科,A轮,移动互联网,116.351179,40.019584,全职,3-5年,"['""""']"
957,4439803,Python开发工程师,深圳,2018-04-23 10:21:40,11.4,129225,誉托科技,深圳市誉托科技有限公司,50-150人,龙岗区,大专,未融资,移动互联网,0.0,0.0,全职,1-3年,[]
958,3644893,Python,深圳,2018-04-16 11:01:16,19.0,106768,515游戏,深圳市五一五游戏网络有限公司,15-50人,南山区,大专,未融资,游戏,113.926741,22.540776,全职,3-5年,"['节日礼物', '年底双薪', '专项奖金', '带薪年假']"
959,3824948,Python开发工程师,成都,2018-04-08 14:21:53,8.8,284236,海德智和科技,四川海德智和科技有限公司,15-50人,锦江区,本科,不需要融资,移动互联网,104.088638,30.647956,全职,1-3年,"['绩效奖金', '年终分红', '带薪年假', '午餐补助']"
960,3760992,数据工程师（Python）,深圳,2018-04-03 11:10:21,21.0,81165,华润置地,华润置地有限公司,2000人以上,南山区,本科,上市公司,其他,39.897445,116.331398,全职,3-5年,"['带薪年假', '绩效奖金', '岗位晋升', '管理规范']"
961,4106284,Python研发工程师（数据平台）,杭州,2018-05-02 11:17:40,11.4,18655,大搜车,杭州大搜车汽车服务有限公司,500-2000人,余杭区,本科,D轮及以上,"移动互联网,O2O",120.032401,30.243532,全职,1-3年,"['技能培训', 'Geek', '开放', '扁平管理']"
962,4223360,python研发工程师（抓取平台开发方向）,北京,2018-04-28 11:46:06,28.0,6996,智融集团,北京智融时代科技有限公司,150-500人,海淀区,本科,C轮,金融,116.345834,39.977454,全职,3-5年,"['股票期权', '绩效奖金', '五险一金', '带薪年假']"
963,3739467,Python 后台工程师,深圳,2018-04-26 10:07:51,26.0,276586,海链科技,深圳海链科技有限公司,15-50人,南山区,本科,A轮,金融,113.924857,22.532357,全职,3-5年,"['年底双薪', '股票期权', '带薪年假', '午餐补助']"
964,1761892,Python,上海,2018-04-08 20:35:45,21.0,126587,思满科技,思满软件科技（上海）有限公司,15-50人,徐汇区,本科,不需要融资,"移动互联网,企业服务",121.402215,31.172455,全职,1-3年,[]
965,4488992,Python（安全开发方向）工程师(J10360),北京,2018-05-02 10:48:30,21.0,8143,途家网,途家网网络技术（北京）有限公司,500-2000人,朝阳区,本科,D轮及以上,"移动互联网,O2O",116.48937,39.979503,全职,1-3年,"['绩效奖金', '五险一金', '带薪年假', '免费班车']"
966,3782813,Python开发工程师,苏州,2018-05-02 08:41:47,11.4,107195,苏州光格,苏州光格设备有限公司,150-500人,吴中区,本科,不需要融资,"硬件,数据服务",120.738458,31.265081,全职,应届毕业生,"['年底双薪', '带薪年假', '五险一金', '岗位晋升']"
967,4447906,Python后端开发,北京,2018-04-19 11:09:07,12.0,150030,北京瑞友,北京瑞友科技股份有限公司,2000人以上,海淀区,本科,上市公司,"移动互联网,电子商务",116.306295,40.053034,全职,1-3年,[]
968,4047586,Python开发工程师,北京,2018-04-13 11:21:05,18.2,124202,数智源,北京数智源科技股份有限公司,150-500人,朝阳区,本科,上市公司,"数据服务,企业服务",116.417203,39.969528,全职,3-5年,[]
969,4399831,python工程师实习,北京,2018-04-10 20:56:10,8.4,334299,芯智引擎,北京芯智引擎科技有限公司,15-50人,海淀区,本科,不需要融资,移动互联网 硬件,116.331212,39.980945,全职,不限,"['""""']"
970,4397413,python开发工程师,深圳,2018-04-10 16:00:50,12.0,334084,深圳市快标科技,深圳市快标科技有限公司,少于15人,南山区,大专,未融资,移动互联网 数据服务,0.0,0.0,全职,3-5年,"['股票期权', '弹性工作', '年度旅游', '领导好']"
971,4019815,java/python开发工程师,北京,2018-04-27 10:57:35,14.0,221048,北京智慧正安科技有限公司,北京智慧正安科技有限公司,15-50人,海淀区,本科,天使轮,数据服务,116.281008,40.043961,全职,1-3年,[]
972,4255219,高级Python后端开发工程师,北京,2018-04-18 18:31:51,21.0,216662,SENSORO,北京升哲科技有限公司,50-150人,朝阳区,本科,B轮,"移动互联网,硬件",116.481049,39.996796,全职,3-5年,[]
973,4343445,Python导师,郑州,2018-04-11 11:23:09,21.0,22462,传智播客,北京传智播客教育科技有限公司,500-2000人,高新区,大专,C轮,教育,113.547464,34.790758,全职,1-3年,"['技能培训', '绩效奖金', '年度旅游', '岗位晋升']"
974,3768747,Python后端工程师,北京,2018-05-02 11:28:58,21.0,160482,十二栋文化,北京十二栋文化传播有限公司,50-150人,朝阳区,本科,A轮,"文化娱乐,移动互联网",116.481156,39.996928,全职,3-5年,"['弹性工作', '领导好', '扁平管理']"
975,4343445,Python导师,郑州,2018-04-11 11:23:09,21.0,22462,传智播客,北京传智播客教育科技有限公司,500-2000人,高新区,大专,C轮,教育,113.547464,34.790758,全职,1-3年,"['技能培训', '绩效奖金', '年度旅游', '岗位晋升']"
976,3768747,Python后端工程师,北京,2018-05-02 11:28:58,21.0,160482,十二栋文化,北京十二栋文化传播有限公司,50-150人,朝阳区,本科,A轮,"文化娱乐,移动互联网",116.481156,39.996928,全职,3-5年,"['弹性工作', '领导好', '扁平管理']"
977,4273353,Python工程师/ 爬虫工程师,上海,2018-05-02 10:45:05,19.0,274064,十露盘,上海十露盘科技有限公司,15-50人,浦东新区,本科,天使轮,"数据服务,金融",121.528868,31.223208,全职,3-5年,[]
978,4050242,软件工程师（Python方向）,上海,2018-04-17 11:22:23,24.0,252370,内蒙古君正网贷,内蒙古君正互联网小额贷款有限公司,50-150人,浦东新区,本科,不需要融资,金融,121.509859,31.234281,全职,3-5年,[]
979,4498837,python/爬虫开发,杭州,2018-05-02 11:04:07,10.8,243592,康策网络,杭州康策网络科技有限公司,15-50人,余杭区,本科,不需要融资,"移动互联网,医疗健康",120.007075,30.27725,全职,1-3年,"['股票期权', '绩效奖金', '专项奖金', '年终分红']"
980,3307756,Python开发工程师,北京,2018-05-02 10:29:51,21.0,29151,Yi+,北京陌上花科技有限公司,50-150人,海淀区,本科,B轮,移动互联网,116.313649,39.978272,全职,3-5年,"['股票期权', '岗位晋升', '弹性工作', '绩效奖金']"
981,276827,Python开发工程师,北京,2018-05-02 10:13:08,21.0,27912,北京神黄科技股份有限公司,北京神黄科技有限公司,50-150人,东城区,本科,未融资,"医疗健康,移动互联网",116.430912,39.932804,全职,1-3年,"['年底双薪', '带薪年假', '交通补助', '定期体检']"
982,3994481,Python Web开发工程师,北京,2018-04-29 15:56:14,12.0,194178,小睿,北京小睿科技有限公司,50-150人,朝阳区,本科,A轮,硬件,116.460733,39.929643,全职,1-3年,"['带薪年假', '午餐补助', '通讯津贴', '交通补助']"
983,2428299,高级Python开发工程师,杭州,2018-04-28 15:04:39,14.0,85040,优云软件,北京广通信达软件股份有限公司杭州分公司,150-500人,,大专,上市公司,"移动互联网,数据服务",,,全职,3-5年,"['扁平管理', '岗位晋升', '五险一金', '技能培训']"
984,3069065,python/java 网站采集开发工程师,广州,2018-04-25 14:11:36,7.6,5108,五二科技,广东科特森软件股份有限公司,50-150人,天河区,大专,未融资,"电子商务,企业服务",0.0,0.0,全职,1-3年,"['五险一金', '带薪年假', '午餐补助', '岗位晋升']"
985,4130254,Python/Web开发工程师,上海,2018-04-17 17:31:00,28.0,280303,博煊资产,上海博煊资产管理有限公司,15-50人,黄浦区,本科,不需要融资,金融,121.470238,31.232396,全职,3-5年,[]
986,4411879,Python工程师-赴码隆科技,深圳,2018-05-03 09:07:12,14.0,189022,微创,上海微创软件股份有限公司北京分公司,2000人以上,盐田区,本科,上市公司,"移动互联网,电子商务",114.239115,22.555926,全职,3-5年,"['年底双薪', '绩效奖金', '免费班车', '节日礼物']"
987,4369849,Python开发工程师,上海,2018-05-02 15:35:49,24.0,164580,一图一数,一图一数（北京）科技有限公司,50-150人,徐汇区,本科,未融资,"移动互联网,广告营销",121.436525,31.188523,全职,3-5年,"['专项奖金', '年终分红', '带薪年假']"
988,3553198,Python工程师,广州,2018-05-02 09:55:41,17.0,174043,颉一软件,广州杰颉软件科技有限公司,15-50人,天河区,不限,A轮,"信息安全,数据服务",113.40631,23.150285,全职,3-5年,"['股票期权', '绩效奖金', '带薪年假', '弹性工作']"
989,4253075,python web开发工程师,武汉,2018-04-25 08:38:37,7.0,125400,武汉新联空间信息技术有限公司,武汉新联空间信息技术有限公司,15-50人,洪山区,本科,未融资,"信息安全,硬件",0.0,0.0,全职,1-3年,"['绩效奖金', '五险一金', '岗位晋升', '双休']"
990,4188567,Python服务端开发（模拟器）,广州,2018-05-02 09:55:41,17.0,22790,网易游戏,广州博冠信息科技有限公司,2000人以上,天河区,本科,上市公司,游戏,113.321853,23.122696,全职,1-3年,"['绩效奖金', '年终分红', '专项奖金', '年底双薪']"
991,2647935,python开发工程师,深圳,2018-04-27 10:40:30,21.0,62477,零壹互联,深圳市零壹移动互联系统有限公司,150-500人,龙岗区,本科,A轮,"移动互联网,O2O",114.066286,22.603451,全职,3-5年,"['年底双薪', '节日礼物', '年度旅游', '岗位晋升']"
992,4480180,python开发工程师,北京,2018-04-25 14:31:32,13.4,312751,奥国,石家庄奥国信息咨询有限公司,少于15人,海淀区,本科,天使轮,教育 移动互联网,116.330823,39.99309,全职,3-5年,"['""""']"
993,4347400,python高级工程师,北京,2018-04-25 11:01:48,21.0,22884,花生米富,小小黛朵（北京）科技有限公司,150-500人,海淀区,大专,B轮,"移动互联网,金融",116.304668,39.986318,全职,5-10年,"['股票期权', '年底双薪', '带薪年假', '功夫熊按摩']"
994,3972318,高级Python后端开发工程师,深圳,2018-04-17 09:39:12,28.0,53970,狗尾草智能科技,深圳狗尾草智能科技有限公司,150-500人,南山区,本科,A轮,"移动互联网,O2O",113.94622,22.548162,全职,5-10年,"['年底双薪', '股票期权', '带薪年假', '绩效奖金']"
995,4155276,Python开发工程师,杭州,2018-05-02 09:30:56,14.0,62653,云霁科技,杭州云霁科技有限公司,50-150人,余杭区,本科,A轮,企业服务,120.009273,30.283021,全职,1-3年,"['技能培训', '创业天堂', '带薪年假', '股票期权']"
996,3848558,Python工程师（互联网金融云平台开发）,上海,2018-04-27 14:44:30,14.0,20863,中畅科技,上海中畅信息科技有限公司,50-150人,浦东新区,本科,未融资,"金融 ,数据服务",121.674038,31.24771,全职,3-5年,"['技能培训', '年度旅游', '岗位晋升', '管理规范']"
997,4379464,Python,上海,2018-04-25 11:21:45,21.0,318981,BTCC,上海掘东信息技术有限公司,50-150人,徐汇区,本科,不需要融资,移动互联网,121.443222,31.178889,全职,1-3年,"['股票期权', '带薪年假', '定期体检', '节日礼物']"
998,4362014,Python软件开发工程师,深圳,2018-04-23 17:52:11,15.0,182070,深信服科技集团,深信服科技股份有限公司,2000人以上,南山区,本科,不需要融资,"信息安全,企业服务",114.002407,22.591785,全职,1-3年,"['三餐全包', '大牛超多', '年终奖超多', '大公司，稳定']"
999,4311541,高级Python开发工程师/经理,上海,2018-04-09 15:09:17,19.0,225514,行动教育,上海行动教育科技股份有限公司,500-2000人,闵行区,本科,上市公司,教育,121.310749,31.203707,全职,3-5年,"['五险一金', '绩效奖金', '专项奖金', '定期体检']"
1000,4000250,python实习生（可转正）,北京,2018-05-03 09:29:35,2.8,124770,CDS,北京首都在线科技股份有限公司,150-500人,海淀区,本科,上市公司,移动互联网,115.99339,39.99426,实习,应届毕业生,"['绩效奖金', '通讯津贴', '定期体检', '带薪年假']"
1001,4504190,Python工程师,深圳,2018-05-02 10:23:40,12.0,128741,深圳市云印电子商务有限公司,深圳市云印电子商务有限公司,150-500人,南山区,本科,A轮,"企业服务,O2O",113.951831,22.553269,全职,3-5年,"['年底双薪', '股票期权', '带薪年假', '节日礼物']"
1002,2732718,Python开发工程师,上海,2018-05-02 09:57:36,19.0,22809,驻云,上海驻云信息科技有限公司,150-500人,浦东新区,大专,C轮,"移动互联网,企业服务",121.590419,31.204496,全职,3-5年,"['股票期权', '带薪年假', '定期体检', '年度旅游']"
1003,3754701,python服务端,武汉,2018-04-26 09:30:01,14.0,224951,武汉掌中宝,武汉掌中宝网络科技有限公司,50-150人,洪山区,不限,未融资,"移动互联网,游戏",114.32406,30.46954,全职,1-3年,"['年底双薪', '节日礼物', '帅哥多', '领导好']"
1004,4284585,Python开发工程师,北京,2018-04-10 19:14:08,19.0,150972,原子钟,北京原子钟信息科技有限公司,少于15人,丰台区,本科,未融资,移动互联网,116.301688,39.82396,全职,3-5年,"['年底双薪', '股票期权', '老板nice', '氛围好']"
1005,3675748,Python 开发工程师,广州,2018-05-02 16:43:50,12.4,59447,广州灵酷,广州灵酷企业服务有限公司,少于15人,天河区,本科,未融资,"电子商务,O2O",113.340575,23.171872,全职,1-3年,"['弹性工作', '股票期权', '专项奖金', '节日礼物']"
1006,3751570,应届Python后端开发工程师,北京,2018-05-02 10:33:46,10.8,33468,九斗,北京九斗数据服务有限公司,15-50人,朝阳区,本科,A轮,金融,116.4645,39.95975,实习,应届毕业生,"['扁平管理', '领导好', '五险一金', '年底双薪']"
1007,3993003,Python后端开发,成都,2018-05-02 09:04:05,12.0,175279,清数聚云,成都清数聚云科技有限公司,15-50人,高新区,本科,未融资,"O2O,移动互联网",104.061686,30.576766,全职,1-3年,"['年底双薪', '股票期权', '定期体检', '弹性工作']"
1008,3935976,Python工程师,深圳,2018-04-27 09:16:21,35.0,139502,前海企保,前海企保科技（深圳）有限公司,15-50人,南山区,本科,A轮,"金融,企业服务",113.940573,22.541697,全职,3-5年,"['弹性工作', '帅哥多', '美女多', '领导好']"
1009,3599825,Python软件工程师,广州,2018-04-25 14:11:40,8.4,5108,五二科技,广东科特森软件股份有限公司,50-150人,天河区,大专,未融资,"电子商务,企业服务",0.0,0.0,全职,1-3年,"['五险一金', '带薪年假', '午餐补助', '岗位晋升']"
1010,4088761,Python工程师,天津,2018-04-19 17:36:51,12.0,317368,通津科技,天津通津网络科技有限公司,500-2000人,宁河县,本科,不需要融资,其他,117.202074,39.129574,全职,1-3年,"['""""']"
1011,4146180,Python工程师,上海,2018-05-02 13:17:23,21.0,183628,隆达软件,上海隆达软件股份有限公司,50-150人,浦东新区,本科,未融资,移动互联网,121.628735,31.209425,全职,3-5年,[]
1012,3532718,高级 Python 开发工程师 （服务框架开发）,上海,2018-05-02 10:01:50,19.0,51480,饿了么,拉扎斯网络科技（上海）有限公司,2000人以上,普陀区,本科,D轮及以上,移动互联网,121.38240794,31.23317234,全职,3-5年,"['节日礼物', '绩效奖金', '年度旅游', '岗位晋升']"
1013,3452584,运维工程师（python方向）,上海,2018-04-27 14:53:22,9.0,24995,泛微,上海泛微网络科技股份有限公司,2000人以上,浦东新区,大专,上市公司,"移动互联网,企业服务",121.47838,31.17096,全职,1-3年,"['技能培训', '带薪年假', '绩效奖金', '岗位晋升']"
1014,3636057,高级python开发工程师,广州,2018-04-26 09:07:46,17.0,88390,CNICG,广州中国科学院计算机网络信息中心,50-150人,南沙区,本科,不需要融资,移动互联网,113.610934,22.748602,全职,3-5年,"['扁平管理', '定期体检', '五险一金']"
1015,3923957,Python,成都,2018-04-25 09:44:01,11.2,114852,潭州教育,湖南潭州教育网络科技有限公司,2000人以上,武侯区,大专,不需要融资,"移动互联网,教育",104.066372,30.548877,全职,不限,"['带薪年假', '午餐补助', '定期体检', '节日礼物']"
1016,4387072,Python开发工程师,武汉,2018-04-24 16:40:12,7.6,254417,贝壳联投,贝壳联投(武汉)科技有限公司,15-50人,洪山区,本科,未融资,教育,114.355287,30.526426,全职,1-3年,[]
1017,3213403,金融云平台Python开发工程师,北京,2018-04-19 21:23:25,14.0,210021,博飞,博飞信息科技（上海）有限公司,15-50人,朝阳区,本科,天使轮,企业服务,116.414231,40.032123,全职,3-5年,"['年底双薪', '专项奖金', '股票期权', '带薪年假']"
1018,3104419,Python后台开发,北京,2018-05-02 14:55:41,13.2,76066,晶泰科技,深圳晶泰科技有限公司,50-150人,海淀区,本科,B轮,"企业服务,医疗健康",116.313161,39.984635,全职,1-3年,"['节日礼物', '股票期权', '岗位晋升', '扁平管理']"
1019,3541120,Python开发工程师,杭州,2018-04-28 10:31:22,7.0,65068,帕拉迪,杭州帕拉迪网络科技有限公司,50-150人,西湖区,本科,A轮,数据服务,120.14628,30.27913,全职,1-3年,"['节日礼物', '技能培训', '绩效奖金', '年度旅游']"
1020,3541120,Python开发工程师,杭州,2018-04-28 10:31:22,7.0,65068,帕拉迪,杭州帕拉迪网络科技有限公司,50-150人,西湖区,本科,A轮,数据服务,120.14628,30.27913,全职,1-3年,"['节日礼物', '技能培训', '绩效奖金', '年度旅游']"
1021,2182008,Python,北京,2018-04-27 12:19:45,28.0,4510,春雨移动健康,北京春雨天下软件有限公司,150-500人,海淀区,本科,C轮,移动互联网,116.35182457,40.00852958,全职,3-5年,"['绩效奖金', '五险一金', '带薪年假', '定期体检']"
1022,4011779,Python开发工程师,杭州,2018-04-20 15:23:46,14.0,184639,云霁,北京云霁网络科技有限公司,15-50人,余杭区,本科,A轮,"企业服务,金融",0.0,0.0,全职,1-3年,"['绩效奖金', '带薪年假', '股票期权', '午餐补助']"
1023,3024328,Python中级/Odoo开发,上海,2018-04-17 11:28:33,14.0,46549,ELICO-CORP,上海寰享网络科技有限公司,15-50人,长宁区,大专,未融资,"旅游,数据服务",121.394917,31.212381,全职,1-3年,[]
1024,3654249,Python服务器开发高级工程师,北京,2018-05-02 13:28:51,28.0,168716,硬球科技,北京硬球科技有限公司,15-50人,海淀区,本科,不需要融资,"移动互联网,游戏",116.307278,40.035928,全职,5-10年,[]
1025,4390493,Python工程师,北京,2018-04-30 08:54:12,4.8,361670,三只肥猴,三只肥猴（北京）信息技术有限公司,少于15人,海淀区,本科,未融资,"信息安全,文化娱乐",0.0,0.0,全职,应届毕业生,"['""""']"
1026,4476461,Python Web开发工程师,武汉,2018-04-29 18:02:35,14.0,372664,武汉市蓝蜂智能网络技术有限公司,武汉市蓝蜂智能网络技术有限公司,少于15人,江夏区,本科,未融资,移动互联网,114.410424,30.45575,全职,3-5年,"['""""']"
1027,3843772,python讲师,北京,2018-04-04 13:11:49,28.0,100164,千锋教育,北京千锋互联科技有限公司,500-2000人,海淀区,大专,A轮,移动互联网,116.370571,40.037093,全职,3-5年,"['节日礼物', '专项奖金', '股票期权', '带薪年假']"
1028,3215849,Python开发工程师（上海）,上海,2018-05-02 08:40:02,12.0,24748,平安科技,平安科技（深圳）有限公司,2000人以上,浦东新区,本科,不需要融资,金融,121.671079,31.23917,全职,不限,"['节日礼物', '年度旅游', '岗位晋升', '技能培训']"
1029,2382133,Python,深圳,2018-04-27 09:17:46,9.6,29950,华强聚丰电子,深圳华强聚丰电子科技有限公司,150-500人,福田区,大专,A轮,"移动互联网,电子商务",114.048337,22.56274,全职,1-3年,"['节日礼物', '年底双薪', '专项奖金', '带薪年假']"
1030,3890843,python开发,深圳,2018-04-24 10:49:57,11.4,117217,博悦科创,深圳市博悦科创科技有限公司,500-2000人,福田区,本科,不需要融资,移动互联网,114.053855,22.535702,全职,1-3年,"['年底双薪', '定期体检', '绩效奖金', '技能培训']"
1031,4417998,Python server端工程师,北京,2018-04-18 10:37:08,28.0,363115,币信,北京势在必行网络科技有限公司,50-150人,海淀区,本科,不需要融资,移动互联网,116.298056,39.959912,全职,1-3年,"['""""']"
1032,4342191,Python,北京,2018-04-14 16:00:25,19.0,79653,优康达,北京优康达科技有限公司,少于15人,昌平区,本科,天使轮,"医疗健康,移动互联网",116.360624,40.07381,全职,3-5年,"['节日礼物', '股票期权', '带薪年假', '绩效奖金']"
1033,4382901,Python开发,北京,2018-04-08 16:02:39,21.0,7182,尚德机构,北京尚德在线教育科技有限公司,2000人以上,朝阳区,本科,上市公司,教育,116.469762,40.019206,全职,应届毕业生,"['绩效奖金', '专项奖金', '五险一金', '带薪年假']"
1034,748187,Python开发工程师,成都,2018-05-02 17:37:42,13.2,74507,成都钱方,成都钱方科技有限公司,15-50人,双流县,大专,未融资,移动互联网,104.071932,30.492081,全职,3-5年,"['节日礼物', '带薪年假', '午餐补助', '绩效奖金']"
1035,3784039,Python开发工程师,北京,2018-05-02 11:55:09,11.2,6678,人人贷,人人贷商务顾问（北京）有限公司,500-2000人,海淀区,本科,A轮,金融,116.330778,39.994714,全职,1-3年,"['绩效奖金', '年底双薪', '五险一金', '交通补助']"
1036,4039010,Python工程师,杭州,2018-04-29 22:12:30,10.4,121750,西柚科技,杭州西柚科技有限公司,50-150人,拱墅区,本科,未融资,移动互联网,120.107103,30.331815,全职,不限,"['专项奖金', '股票期权', '午餐补助', '年轻']"
1037,4489421,python开发工程师,北京,2018-04-26 17:10:55,21.0,148909,360企业安全,北京奇安信科技有限公司,2000人以上,朝阳区,本科,不需要融资,"电子商务,企业服务",116.490161,39.982669,全职,3-5年,"['年底双薪', '带薪年假', '午餐补助', '定期体检']"
1038,3702562,python课程研发,杭州,2018-04-26 10:21:39,22.0,144234,小码王,杭州小码教育科技有限公司,150-500人,西湖区,大专,A轮,"教育,移动互联网",120.082476,30.201179,全职,1-3年,"['绩效奖金', '股票期权', '带薪年假', '午餐补助']"
1039,4071789,Python运维开发工程师,北京,2018-04-20 11:53:00,22.0,280,畅游,北京畅游天下网络技术有限公司,2000人以上,石景山区,本科,上市公司,"移动互联网,游戏",116.212239,39.907388,全职,1-3年,"['节日礼物', '技能培训', '带薪年假', '岗位晋升']"
1040,4351987,python开发工程师,北京,2018-04-03 10:19:04,9.6,155391,元素征信,元素征信有限责任公司,15-50人,海淀区,本科,未融资,数据服务,116.253127,39.981148,全职,1-3年,"['技能培训', '扁平管理', '免费班车', '弹性工作']"
1041,3901922,python架构师,上海,2018-05-02 19:19:50,34.0,3112,沪江,沪江教育科技（上海）股份有限公司,500-2000人,浦东新区,大专,D轮及以上,"移动互联网,教育",121.603788,31.202542,全职,5-10年,"['技能培训', '节日礼物', '年底双薪', '专项奖金']"
1042,2625410,python开发工程师,北京,2018-05-02 13:44:51,19.0,133192,车势科技,北京车势科技有限公司,150-500人,朝阳区,本科,A轮,"企业服务,游戏",116.45350458,39.91809395,全职,3-5年,"['年底双薪', '专项奖金', '股票期权', '绩效奖金']"
1043,2853198,Python开发工程师,南京,2018-05-02 11:08:55,9.6,109596,南京赛宁,南京赛宁信息技术有限公司,50-150人,雨花台区,本科,A轮,信息安全,118.7755,31.97434,全职,1-3年,[]
1044,2640657,Python开发工程师,杭州,2018-04-27 16:11:08,14.0,40356,铕人网络,杭州铕人网络科技有限公司,50-150人,西湖区,本科,B轮,"电子商务,社交网络",120.11285,30.28179,全职,1-3年,"['技能培训', '舒适坐垫', '绩效奖金', '岗位晋升']"
1045,528382,运维开发工程师(python),成都,2018-05-02 20:18:25,7.6,49704,成都好玩一二三科技有限公司,成都好玩一二三科技有限公司,150-500人,武侯区,大专,不需要融资,游戏,104.07568267,30.54052168,全职,1-3年,"['节日礼物', '带薪年假', '岗位晋升', '六险一金']"
1046,3954284,Python 研发工程师,上海,2018-04-23 11:20:56,16.8,171437,概率论 - 社交实验站,上海见寻文化创意有限公司,15-50人,杨浦区,本科,天使轮,社交网络,121.505183,31.317553,全职,3-5年,"['年底双薪', '定期体检', '带薪年假']"
1047,4461746,Python开发工程师,广州,2018-04-22 17:50:00,12.0,270107,Funkey GZ,广州纷可网络有限公司,15-50人,越秀区,本科,A轮,"移动互联网,旅游",113.282472,23.125633,全职,不限,"['弹性工作', '吸猫福利', '年终奖', '下午茶供应']"
1048,4419087,Python开发,北京,2018-04-13 16:26:17,28.0,279945,黑派科技,转型工场（北京）科技有限公司,15-50人,朝阳区,本科,A轮,"移动互联网,数据服务",116.432958,39.922368,全职,3-5年,[]
1049,4408934,python讲师,深圳,2018-04-12 10:42:48,28.0,100164,千锋教育,北京千锋互联科技有限公司,500-2000人,福田区,本科,A轮,移动互联网,113.837547,22.625771,全职,3-5年,"['节日礼物', '专项奖金', '股票期权', '带薪年假']"
1050,4419087,Python开发,北京,2018-04-13 16:26:17,28.0,279945,黑派科技,转型工场（北京）科技有限公司,15-50人,朝阳区,本科,A轮,"移动互联网,数据服务",116.432958,39.922368,全职,3-5年,[]
1051,4408934,python讲师,深圳,2018-04-12 10:42:48,28.0,100164,千锋教育,北京千锋互联科技有限公司,500-2000人,福田区,本科,A轮,移动互联网,113.837547,22.625771,全职,3-5年,"['节日礼物', '专项奖金', '股票期权', '带薪年假']"
1052,864413,Python工程师,南京,2018-05-02 17:27:22,8.4,81747,众安,南京众安信息科技有限公司,50-150人,鼓楼区,大专,未融资,信息安全,118.751167,32.059167,全职,1-3年,"['年底双薪', '专项奖金', '带薪年假', '岗位晋升']"
1053,2735005,python,杭州,2018-05-02 11:02:48,14.0,6462,安恒信息,杭州安恒信息技术有限公司,500-2000人,滨江区,本科,不需要融资,"信息安全 ,数据服务",120.21425,30.209525,全职,1-3年,"['年终分红', '股票期权', '绩效奖金', '五险一金']"
1054,4497634,Python,北京,2018-04-28 10:36:56,8.8,144324,数据魔方,数据魔方智慧科技（北京）有限公司,50-150人,海淀区,本科,天使轮,数据服务,116.339426,39.974822,全职,1年以下,[]
1055,4446869,Python自动化开发工程师,苏州,2018-04-27 16:28:06,14.0,81524,AGS,苏州华冠科技有限公司,50-150人,吴中区,本科,不需要融资,企业服务,120.729683,31.261928,全职,3-5年,"['管理规范', '五险一金', '午餐补助', '定期体检']"
1056,4111567,Python后端工程师,上海,2018-04-25 15:26:16,24.0,184069,体素科技,苏州体素信息科技有限公司,15-50人,闵行区,本科,A轮,医疗健康,121.507134,31.096816,全职,3-5年,"['专项奖金', '交通补助', '年底双薪', '五险一金']"
1057,4201970,中/高级Python工程师,上海,2018-04-25 09:18:34,21.0,331360,好搭APP,上海享衣信息科技有限公司,50-150人,宝山区,本科,B轮,"移动互联网,电子商务",121.408949,31.315845,全职,1-3年,"['""""']"
1058,4284052,Python讲师,沈阳,2018-04-25 09:11:54,8.8,332664,智谷大数据,沈阳智谷大数据发展有限公司,少于15人,浑南区,本科,未融资,数据服务,123.4489,41.721772,全职,1-3年,"['""""']"
1059,3958275,Python 后端开发工程师,珠海,2018-04-10 19:18:28,10.8,173604,海富思科技,珠海海富思科技有限公司,15-50人,香洲区,本科,不需要融资,"信息安全,硬件",113.520129,22.370381,全职,1-3年,"['午餐补助', '带薪年假', '绩效奖金', '专项奖金']"
1060,3337596,python,武汉,2018-05-03 09:29:52,14.0,67960,飞脉科技,武汉飞脉科技有限责任公司,15-50人,洪山区,大专,未融资,"移动互联网,数据服务",114.410147,30.47691,全职,1-3年,"['技能培训', '年底双薪', '股票期权', '带薪年假']"
1061,4487303,python课程设计师/课程编辑/课程研发,深圳,2018-05-02 17:24:35,9.0,110722,编玩边学,深圳市编玩边学教育科技有限公司,50-150人,南山区,本科,B轮,"教育,游戏",113.986923,22.54772,全职,不限,"['专项奖金', '股票期权', '绩效奖金', '午餐补助']"
1062,741948,Python工程师,广州,2018-04-28 10:59:28,10.8,71183,厚建广州,南京厚建软件有限责任公司广州分公司,50-150人,番禺区,大专,不需要融资,"移动互联网,文化娱乐",,,全职,1-3年,"['技能培训', '节日礼物', '专项奖金', '带薪年假']"
1063,4296213,Python 研发工程师,深圳,2018-04-27 16:57:15,11.2,23007,实验楼,成都琛石科技有限公司,15-50人,南山区,本科,A轮,"教育,数据服务",113.94679,22.556374,全职,1-3年,"['绩效奖金', '专项奖金', '带薪年假', '弹性工作']"
1064,4280221,Python后端工程师,杭州,2018-04-26 18:28:49,14.0,262633,杭州逐影,杭州逐影科技有限公司,15-50人,西湖区,本科,天使轮,移动互联网,120.096992,30.302562,全职,不限,"['年底双薪', '股票期权', '带薪年假', '交通补助']"
1065,4004025,python运维工程师,广州,2018-04-26 19:31:06,14.0,25518,智检 - 专注工程现场的SaaS平台,广州智建云信息技术有限公司,50-150人,天河区,大专,A轮,移动互联网,113.373307,23.117564,全职,3-5年,"['五险一金', '带薪年假', '年底双薪', '节日礼物']"
1066,4459599,高级 Python 后端开发,广州,2018-04-26 17:31:16,24.0,40163,礼物说,北京礼物说科技有限公司,50-150人,天河区,本科,C轮,"移动互联网,电子商务",113.322969,23.118316,全职,3-5年,"['技能培训', '节日礼物', '绩效奖金', '岗位晋升']"
1067,4330327,python开发工程师,武汉,2018-04-26 11:48:34,10.8,337014,玖通安信,武汉玖通安信科技有限公司,15-50人,东湖新技术开发区,本科,不需要融资,移动互联网,114.406404,30.496993,全职,3-5年,"['""""']"
1068,4479230,Python开发工程师,北京,2018-04-25 12:02:15,21.0,372527,每日优鲜便利购,北京每日优鲜便利购电子商务有限公司,2000人以上,朝阳区,本科,B轮,"移动互联网,电子商务",116.443108,39.92147,全职,3-5年,"['绩效奖金', '新零售', '六险一金', '带薪病假']"
1069,4404019,Python,长沙,2018-04-11 15:11:21,8.8,257374,Ehomepoct,湖南伊鸿健康科技有限公司,15-50人,雨花区,不限,天使轮,"移动互联网,医疗健康",113.024519,28.111747,全职,不限,[]
1070,4371177,Python高级工程师,重庆,2018-04-04 10:39:32,10.8,127781,元高分,四川元高分网络科技有限公司,50-150人,渝北区,本科,A轮,"移动互联网,教育",106.498729,29.614292,全职,1-3年,"['带薪年假', '技能培训', '领导好', '岗位晋升']"
1071,4421990,高级Python后端工程师,深圳,2018-05-03 09:30:16,28.0,365708,无极云区块链,深圳市无极云区块链互联网技术开发有限公司,50-150人,南山区,本科,不需要融资,移动互联网,113.943839,22.547619,全职,3-5年,"['""""']"
1072,2756328,PHP ／Python 后端研发工程师,北京,2018-05-03 09:26:55,19.0,106289,PALMAX,北京棕榈创想科技有限公司,50-150人,海淀区,本科,A轮,移动互联网,116.315023,40.035941,全职,3-5年,"['绩效奖金', '交通补助', '定期体检', '午餐补助']"
1073,3714393,Python工程师,北京,2018-05-02 09:18:35,28.0,274376,美团点评,上海威烁热能有限公司,2000人以上,朝阳区,本科,D轮及以上,"移动互联网,O2O",116.488126,40.008776,全职,3-5年,"['年底双薪', '股票期权', '绩效奖金', '带薪年假']"
1074,4416417,Python架构师,上海,2018-04-27 11:04:43,31.0,53294,凭安信用,上海凭安征信服务有限公司,50-150人,长宁区,本科,A轮,金融,121.35599,31.22651,全职,5-10年,"['巨头投资', '股票期权', '千亿蓝海', '有钱途']"
1075,2783432,Python（年轻人的狂欢）,上海,2018-05-03 09:35:57,15.2,72838,雷速体育,上海炫体信息科技有限公司,50-150人,虹口区,大专,不需要融资,"移动互联网,社交网络",121.487197,31.250622,全职,1-3年,"['节日礼物', '年底双薪', '专项奖金', '带薪年假']"
1076,4502341,python WEB开发工程师,厦门,2018-04-29 17:57:28,8.4,320519,安全龙,厦门安全龙信息技术有限公司,少于15人,思明区,不限,未融资,信息安全,118.181918,24.490089,全职,1-3年,"['网络安全', '信息安全']"
1077,4497614,Python工程师,上海,2018-04-28 10:35:15,12.0,141900,由心咖啡,上海咖嘉电子商务有限公司,50-150人,黄浦区,本科,天使轮,电子商务,121.479261,31.192882,全职,1-3年,"['领导好', '五险一金', '做五休二']"
1078,4207242,Python开发工程师,北京,2018-04-27 11:32:32,13.6,161442,积善科技,积善科技（北京）有限公司,少于15人,海淀区,本科,不需要融资,企业服务,116.245839,39.979438,全职,1-3年,"['定期体检', '专项奖金', '绩效奖金', '住房补助']"
1079,4267502,python 工程师,武汉,2018-04-27 09:28:26,8.8,146494,笑鱼科技,北京今朝勇创科技有限公司,50-150人,江汉区,本科,A轮,硬件,114.27366,30.590858,全职,3-5年,"['晋升空间大', '公司前景好', '团队氛围好', '绩效奖金']"
1080,4252872,python讲师,上海,2018-04-23 19:00:16,24.0,175999,八维宏烨教育,八维宏烨(上海)信息科技有限公司,150-500人,奉贤区,本科,不需要融资,"移动互联网,教育",121.697661,30.872317,全职,3-5年,[]
1081,3594312,Python工程师,北京,2018-04-03 23:40:59,19.0,252163,核淘数据,北京小砖科技有限公司,少于15人,朝阳区,本科,A轮,"数据服务,移动互联网",116.504872,39.896782,全职,1-3年,"['弹性工作', '扁平管理', '领导好', '技能培训']"
1082,4368225,Python开发工程师,北京,2018-04-03 16:34:45,19.0,92541,好雨云,北京好雨科技有限公司,15-50人,朝阳区,本科,A轮,"企业服务,移动互联网",,,全职,1-3年,"['绩效奖金', '股票期权', '扁平管理', '高速成长']"
1083,2773278,python高级工程师/架构师,北京,2018-05-01 21:43:24,14.0,23727,知网,同方知网（北京）技术有限公司,2000人以上,海淀区,本科,上市公司,"移动互联网,电子商务",116.35717,40.04444,全职,3-5年,"['美女多多', '带薪年假', '绩效奖金', '岗位晋升']"
1084,4449405,高级python开发工程师,深圳,2018-04-28 10:04:25,26.0,142794,速联科技,速联（深圳）科技有限公司,500-2000人,南山区,本科,上市公司,"电子商务,移动互联网",113.942704,22.548217,全职,1-3年,[]
1085,4050991,Python高级开发工程师,北京,2018-04-27 09:44:54,15.8,77855,美景听听App,美景听听（北京）科技有限公司,15-50人,西城区,本科,A轮,"移动互联网,旅游",116.354575,39.922837,全职,1-3年,"['股票期权', '绩效奖金', '领导好', '弹性工作']"
1086,4177528,Python开发高级工程师,上海,2018-04-27 09:11:36,21.0,115002,数旦信息,上海数旦信息技术有限公司,少于15人,徐汇区,本科,A轮,"移动互联网,金融",121.431047,31.160792,全职,3-5年,"['绩效奖金', '股票期权', '定期体检', '年度旅游']"
1087,3457714,python开发工程师,深圳,2018-04-23 13:59:52,8.4,146561,瑞驰信息,深圳市瑞驰信息技术有限公司,50-150人,南山区,大专,A轮,"数据服务,信息安全",113.972009,22.58136,全职,1-3年,[]
1088,3874876,python开发,南京,2018-04-25 09:56:20,14.0,221919,南京交响乐信息科技有限公司,南京交响乐信息科技有限公司,少于15人,建邺区,不限,未融资,"金融,数据服务",118.720501,31.99204,全职,1-3年,[]
1089,4271703,后端Python开发工程师,杭州,2018-04-23 16:42:09,15.2,87285,略懂科技,杭州略懂科技有限公司,15-50人,余杭区,本科,A轮,"企业服务,O2O",120.017969,30.280435,全职,1-3年,"['股票期权', '带薪年假', '绩效奖金', '岗位晋升']"
1090,4122785,Python应用工程师（业务系统方向）,广州,2018-05-02 18:04:46,13.2,274523,逗号智能零售,广州逗号智能零售有限公司,50-150人,天河区,大专,不需要融资,"移动互联网,生活服务",113.321959,23.118733,全职,3-5年,"['扁平管理', '趣玩氛围', '晋升实力说话', 'CBD双地铁']"
1091,4404701,Python/Golang工程师-锁屏画报,北京,2018-05-02 10:32:41,19.0,520,小米,北京小米科技有限责任公司,2000人以上,海淀区,本科,D轮及以上,移动互联网,116.33376,40.02773,全职,1-3年,"['快速成长', '免费班车', '扁平管理', '技能培训']"
1092,4379133,python老师,成都,2018-05-02 09:10:11,10.0,40161,麦子学院,成都麦子信息技术有限公司,50-150人,高新区,本科,B轮,"移动互联网,教育",103.99341,30.994233,全职,3-5年,"['年底双薪', '节日礼物', '技能培训', '绩效奖金']"
1093,3654356,Python后端工程师,北京,2018-04-24 15:12:50,19.0,76422,青橙科技,北京青橙信息技术有限公司,50-150人,朝阳区,本科,A轮,"企业服务,医疗健康",116.495657,39.988916,全职,1-3年,"['年底双薪', '带薪年假', '年度旅游', '健身基金']"
1094,4364161,Python开发工程师,杭州,2018-04-23 17:56:48,14.0,357755,天使镭,苏州天使镭网络科技有限公司,15-50人,西湖区,大专,不需要融资,其他,120.089443,30.288438,全职,3-5年,"['""""']"
1095,3654356,Python后端工程师,北京,2018-04-24 15:12:50,19.0,76422,青橙科技,北京青橙信息技术有限公司,50-150人,朝阳区,本科,A轮,"企业服务,医疗健康",116.495657,39.988916,全职,1-3年,"['年底双薪', '带薪年假', '年度旅游', '健身基金']"
1096,4364161,Python开发工程师,杭州,2018-04-23 17:56:48,14.0,357755,天使镭,苏州天使镭网络科技有限公司,15-50人,西湖区,大专,不需要融资,其他,120.089443,30.288438,全职,3-5年,"['""""']"
1097,3148314,python开发工程师,上海,2018-04-21 14:25:09,14.0,83794,优麦,上海麦色信息科技有限公司,15-50人,长宁区,本科,天使轮,"移动互联网,医疗健康",,,全职,3-5年,"['股票期权', '绩效奖金', '岗位晋升', '扁平管理']"
1098,4314458,python工程师,北京,2018-04-11 14:12:46,10.8,279630,护世界,北京天行健云科技有限公司,50-150人,朝阳区,本科,不需要融资,医疗健康,116.425877,40.033665,全职,1-3年,"['扁平管理', '五险一金', '技术氛围好', '美女多']"
1099,4505763,Python后端开发工程师,杭州,2018-05-02 13:34:14,14.0,306573,GAMEFLIX,杭州盖爷科技有限公司,少于15人,西湖区,本科,未融资,"O2O,游戏",120.124973,30.278582,全职,1-3年,"['绩效奖金', '年终分红', '股票期权']"
1100,3299096,python软件开发工程师,深圳,2018-04-28 17:07:05,9.8,220782,有限元,深圳市有限元科技有限公司,50-150人,南山区,本科,未融资,其他,113.949101,22.541117,全职,1-3年,[]
1101,504931,Python工程师,杭州,2018-04-27 16:56:45,9.6,41103,辅导君,杭州微著网络有限公司,150-500人,余杭区,本科,A轮,移动互联网,120.004402,30.287999,全职,1-3年,"['快速上升期', '薪资给力', '氛围欢乐', '风口行业']"
1102,4261001,【资深Python开发工程师】,北京,2018-04-26 10:21:32,21.0,313704,微壳,北京微光果壳科技有限公司,150-500人,朝阳区,本科,不需要融资,"移动互联网,企业服务",116.494614,39.985047,全职,3-5年,"['六险一金', '年底双薪', '绩效奖金', '带薪年假']"
1103,3576468,python开发工程师,武汉,2018-04-22 14:50:21,8.4,139807,武汉聚合时代网络科技有限公司,武汉聚合时代网络科技有限公司,15-50人,东西湖区,本科,未融资,"移动互联网,广告营销",114.27793,30.67087,全职,1-3年,[]
1104,4317178,python工程师,上海,2018-05-02 14:45:22,14.0,350606,璇煌AI,上海璇煌科技有限公司,少于15人,长宁区,本科,未融资,"数据服务,其他",121.41788,31.21765,全职,1-3年,"['年底双薪', '年终分红', '带薪年假', '定期体检']"
1105,1534647,Python开发工程师,上海,2018-04-28 16:25:09,18.2,51480,饿了么,拉扎斯网络科技（上海）有限公司,2000人以上,普陀区,本科,D轮及以上,移动互联网,116.33511539,39.88275456,全职,1-3年,"['节日礼物', '绩效奖金', '年度旅游', '岗位晋升']"
1106,4481970,Python开发工程师-SH0703,上海,2018-04-26 16:44:56,21.0,168219,贝壳金控,贝壳金控控股集团有限公司,500-2000人,黄浦区,本科,未融资,金融、移动互联网,121.47451,31.214835,全职,1-3年,"['专项奖金', '年终分红', '定期体检', '绩效奖金']"
1107,2111530,Python工程师,西安,2018-04-18 17:01:44,7.0,21301,数拓科技,西安数拓网络科技有限公司,50-150人,,本科,未融资,移动互联网,108.89969975,34.23769014,全职,1-3年,"['年底双薪', '股票期权', '五险一金', '通讯津贴']"
1108,3796778,Python开发（CRM）,杭州,2018-05-02 12:13:32,6.8,83552,沃趣科技,杭州沃趣科技股份有限公司,50-150人,滨江区,本科,上市公司,"企业服务,数据服务",120.17566,30.18501,全职,1-3年,"['股票期权', '带薪年假', '绩效奖金', '年度旅游']"
1109,4094450,Python,北京,2018-04-25 11:31:26,35.0,314313,犀牛科技,北京犀牛瀚海科技有限责任公司,15-50人,朝阳区,本科,A轮,"移动互联网,医疗健康",116.477319,39.875445,全职,不限,"['年底双薪', '股票期权', '年终分红', '带薪年假']"
1110,3516687,Python研发工程师,深圳,2018-04-03 14:23:49,16.8,141512,深圳源伞科技,深圳市前海源伞科技有限公司,15-50人,南山区,本科,天使轮,"其他,信息安全",113.994059,22.993238,全职,1-3年,"['绩效奖金', '午餐补助', '股票期权', '工程师文化']"
1111,4507691,Python人工智能高级讲师,北京,2018-05-02 16:23:59,24.0,167237,知新树,北京知新树科技有限公司,50-150人,海淀区,本科,不需要融资,"教育,移动互联网",0.0,0.0,全职,3-5年,"['专项奖金', '绩效奖金', '定期体检', '弹性工作']"
1112,4354727,python开发（内容审核）,上海,2018-04-28 14:43:52,21.0,202104,趣头条,上海基分文化传播有限公司,500-2000人,浦东新区,本科,不需要融资,移动互联网,121.624653,31.226515,全职,1-3年,"['专项奖金', '带薪年假', '弹性工作', '管理规范']"
1113,4488205,Python,南京,2018-04-26 15:41:47,11.2,356014,易宝软件科技南京有限公司,易宝软件科技（南京）有限公司,150-500人,雨花台区,本科,不需要融资,移动互联网,118.767893,31.986577,全职,1-3年,"['""""']"
1114,3771212,PYTHON开发工程师,深圳,2018-04-26 10:16:59,15.2,172435,正易龙,深圳市正易龙科技有限公司,150-500人,南山区,本科,不需要融资,"游戏,移动互联网",113.932899,22.542186,全职,1-3年,"['带薪年假', '定期体检', '股票期权', '年终分红']"
1115,4483750,python开发工程师,深圳,2018-04-25 21:40:30,14.0,371506,阿西莫夫人工智能,深圳市阿西莫夫人工智能有限公司,少于15人,南山区,本科,未融资,"移动互联网,企业服务",113.948326,22.530564,全职,1-3年,"['带薪年假', '绩效奖金', '弹性工作', '扁平管理']"
1116,4235942,Python工程师,北京,2018-04-11 14:59:39,11.2,145586,CloudIn,北京云英传奇技术有限公司,50-150人,朝阳区,硕士,A轮,"移动互联网,数据服务",116.427613,40.006173,实习,应届毕业生,"['绩效奖金', '定期体检', '带薪年假', '弹性工作']"
1117,4015726,python工程师,北京,2018-04-07 11:21:10,19.0,300397,北京小白店科技有限公司,北京小白店科技有限公司,15-50人,朝阳区,本科,天使轮,"移动互联网,电子商务",116.476921,39.907391,全职,1-3年,"['""""']"
1118,4223672,web端Python开发工程师,北京,2018-05-02 10:32:54,21.0,29496,闪银奇异,北京闪银奇异科技有限公司,500-2000人,朝阳区,本科,D轮及以上,"移动互联网,金融",116.466553,39.934441,全职,1-3年,"['13~15薪', '晋升空间大', '定期体检', '能力定薪']"
1119,4203415,Python助教,广州,2018-05-02 09:47:34,13.8,121948,传智播客广州分校,江苏传智播客教育科技有限公司广州分公司,150-500人,天河区,不限,上市公司,教育,113.427966,23.128197,全职,3-5年,[]
1120,4490722,python开发工程师（武汉）,武汉,2018-04-26 21:42:04,21.0,148909,360企业安全,北京奇安信科技有限公司,2000人以上,东湖新技术开发区,本科,不需要融资,"电子商务,企业服务",114.418082,30.466992,全职,3-5年,"['年底双薪', '带薪年假', '午餐补助', '定期体检']"
1121,4361193,教材编辑（Python）J10585,北京,2018-04-26 15:06:43,12.0,22462,传智播客,北京传智播客教育科技有限公司,500-2000人,昌平区,本科,C轮,教育,116.34344,40.060166,全职,1-3年,"['技能培训', '绩效奖金', '年度旅游', '岗位晋升']"
1122,4143884,python工程师,广州,2018-04-25 11:10:38,7.6,160268,医昊网络,广州医昊网络科技有限公司,15-50人,越秀区,大专,天使轮,"移动互联网,医疗健康",113.28273,23.117755,全职,1-3年,"['年底双薪', '绩效奖金', '交通补助', '股票期权']"
1123,2491373,Python研发工程师,武汉,2018-04-21 18:04:34,14.0,152002,三川,武汉三和川科技有限公司,15-50人,,本科,天使轮,移动互联网,114.423824,30.504023,全职,1-3年,[]
1124,4393265,Python开发实习生,珠海,2018-04-16 15:08:11,2.8,60542,德百祺,珠海德百祺科技有限公司,15-50人,香洲区,本科,未融资,移动互联网,113.57363,22.37184,实习,应届毕业生,"['节日礼物', '年底双薪', '带薪年假', '岗位晋升']"
1125,4334765,python开发（内容审核）,上海,2018-04-28 14:43:52,21.0,202104,趣头条,上海基分文化传播有限公司,500-2000人,浦东新区,本科,不需要融资,移动互联网,121.624653,31.226515,全职,1-3年,"['专项奖金', '带薪年假', '弹性工作', '管理规范']"
1126,4393234,Python工程师,南京,2018-04-10 09:50:20,7.6,272109,南京纳实软件科技有限公司,南京纳实软件科技有限公司,,鼓楼区,大专,,,118.770306,32.077795,全职,1-3年,[]
1127,4508012,python数据工程师,深圳,2018-05-02 16:49:20,13.2,341971,深圳荣创,深圳市荣创投资管理有限公司,50-150人,南山区,大专,不需要融资,金融,113.958713,22.543467,全职,3-5年,"['""""']"
1128,3880677,Python数据专家,广州,2018-05-02 10:36:39,19.0,16831,武汉佰钧成技术有限公司,武汉佰钧成技术有限责任公司,2000人以上,天河区,不限,不需要融资,移动互联网,113.332464,23.134217,全职,5-10年,"['带薪年假', '计算机软件', '管理规范', '定期体检']"
1129,3224148,Python 开发工程师,北京,2018-04-23 17:25:06,14.0,115744,众趣,众趣（北京）科技有限公司,15-50人,朝阳区,本科,A轮,移动互联网,116.38111,39.98022,全职,1-3年,"['股票期权', '虚拟现实', '增强现实', '3D视觉']"
1130,3625034,python开发工程师（SAAS云平台研发）,上海,2018-05-02 14:16:00,16.8,106387,合阔信息,上海合阔信息技术有限公司,15-50人,长宁区,不限,A轮,"企业服务,移动互联网",121.420258,31.208495,全职,1-3年,"['年底双薪', '带薪年假', '定期体检', '老板nice']"
1131,3429938,运维工程师（python自动化运维）,上海,2018-05-02 11:49:02,8.4,24995,泛微,上海泛微网络科技股份有限公司,2000人以上,闵行区,本科,上市公司,"移动互联网,企业服务",121.525236,31.080356,全职,1-3年,"['技能培训', '带薪年假', '绩效奖金', '岗位晋升']"
1132,4231703,Python开发工程师,上海,2018-05-02 09:31:01,3.8,307679,广州森迪信息科技有限公司,广州森迪信息科技有限公司,150-500人,普陀区,大专,上市公司,"移动互联网,电子商务",121.427142,31.245538,全职,应届毕业生,"['""""']"
1133,205668,Python后台开发,成都,2018-04-27 18:58:22,10.8,32424,图丰信息-成都,图丰信息（成都）有限责任公司,50-150人,金牛区,本科,不需要融资,"移动互联网,数据服务",104.048551,30.683178,全职,3-5年,"['年底双薪', '带薪年假', '年度旅游', '岗位晋升']"
1134,4120928,Python开发工程师,北京,2018-04-27 15:40:38,19.0,240848,小立教育,小立教育科技（北京）有限公司,15-50人,海淀区,本科,天使轮,教育,0.0,0.0,实习,应届毕业生,"['股权期权', '晋升空间', '节日礼物', '免费健身房']"
1135,1809301,Python,上海,2018-04-16 14:43:38,10.8,128840,上海医时,上海医时信息科技有限公司,50-150人,闵行区,不限,A轮,"移动互联网,医疗健康",121.386998,31.169386,全职,1年以下,"['专项奖金', '年底双薪', '美女多', '帅哥多']"
1136,3722429,python开发工程师,苏州,2018-04-27 14:01:03,10.8,16231,博奥邦科,泰州医药城博奥邦科生物科技有限公司,500-2000人,吴中区,本科,C轮,医疗健康,120.722781,31.260289,全职,应届毕业生,"['绩效奖金', '专项奖金', '年底双薪', '五险一金']"
1137,4492767,Python高级工程师,北京,2018-04-27 11:50:02,19.6,161442,积善科技,积善科技（北京）有限公司,少于15人,海淀区,本科,不需要融资,企业服务,116.245839,39.979438,全职,3-5年,"['定期体检', '专项奖金', '绩效奖金', '住房补助']"
1138,3602030,Python开发工程师,上海,2018-04-26 13:50:25,19.0,6636,携程,携程计算机技术（上海）有限公司,2000人以上,长宁区,本科,上市公司,"移动互联网,旅游",121.35860118,31.22055708,全职,3-5年,"['绩效奖金', '股票期权', '五险一金', '交通补助']"
1139,2769521,Python 开发工程师,北京,2018-04-16 14:13:32,19.6,145485,磁力信,北京磁力信科技有限公司,15-50人,朝阳区,不限,不需要融资,"教育,移动互联网",116.490603,39.971562,全职,3-5年,"['带薪年假', '成长基金', '定期体检', '午餐补助']"
1140,3511478,python开发（游戏客户端）,深圳,2018-05-02 19:55:02,6.6,20727,淘乐网络,深圳淘乐网络科技有限公司,150-500人,南山区,本科,不需要融资,游戏,113.937503,22.543597,全职,应届毕业生,"['项目分成', '骨干配车', '年终奖', '免费三餐']"
1141,3646336,大数据工程师——python,北京,2018-05-02 14:26:35,14.0,93936,生命奇点,生命奇点（北京）科技有限公司,50-150人,海淀区,本科,A轮,"医疗健康,数据服务",116.304668,39.986318,全职,应届毕业生,"['年底双薪', '带薪年假', '领导好', '通讯津贴']"
1142,3994481,Python Web开发工程师,北京,2018-04-29 15:56:14,12.0,194178,小睿,北京小睿科技有限公司,50-150人,朝阳区,本科,A轮,硬件,116.460733,39.929643,全职,1-3年,"['带薪年假', '午餐补助', '通讯津贴', '交通补助']"
1143,4245835,python工程师,南京,2018-04-27 17:40:32,19.0,340225,贝优科技,南京贝优教育科技有限公司,15-50人,鼓楼区,不限,天使轮,"移动互联网,教育",118.759391,32.085848,全职,3-5年,"['交通补助', '午餐补助', '通讯津贴', '定期体检']"
1144,4471194,python后端,广州,2018-04-24 11:29:54,10.0,213353,学灯教育,深圳市学灯教育科技有限公司,15-50人,天河区,大专,未融资,"教育,数据服务",,,兼职,3-5年,[]
1145,4411394,python工程师,北京,2018-04-12 14:54:03,28.0,224380,数据工场,北京数可视科技有限公司,15-50人,朝阳区,本科,天使轮,数据服务,116.433583,39.960122,全职,3-5年,[]
1146,3886971,Python开发工程师,深圳,2018-04-08 10:01:57,14.0,6566,金蝶,金蝶软件（中国）有限公司,2000人以上,南山区,本科,上市公司,"移动互联网,电子商务",113.95478984,22.53412317,全职,3-5年,"['年底双薪', '节日礼物', '技能培训', '岗位晋升']"
1147,3509950,Python开发工程师,上海,2018-05-02 15:48:22,9.8,245590,东周科技,上海东周信息科技有限公司,少于15人,闵行区,大专,未融资,"移动互联网,企业服务",121.336624,31.151471,全职,1-3年,[]
1148,4253075,python web开发工程师,武汉,2018-04-25 08:38:37,7.0,125400,武汉新联空间信息技术有限公司,武汉新联空间信息技术有限公司,15-50人,洪山区,本科,未融资,"信息安全,硬件",0.0,0.0,全职,1-3年,"['绩效奖金', '五险一金', '岗位晋升', '双休']"
1149,4228625,Python开发,成都,2018-04-24 09:43:41,12.0,199953,成都肆零肆,成都市肆零肆网络科技有限公司,15-50人,武侯区,本科,未融资,"信息安全,数据服务",104.041018,30.625682,全职,1-3年,"['弹性工作', '帅哥多', '节日礼物', '管理规范']"
1150,3971497,Python开发工程师,上海,2018-04-18 10:34:06,9.0,228501,叠念信息,上海叠念信息科技有限公司,15-50人,长宁区,大专,天使轮,"游戏,移动互联网",121.410003,31.217564,全职,1-3年,"['创业公司', '高科技企业']"
1151,3286698,python开发工程师,上海,2018-04-10 17:58:16,21.0,21218,通联数据,通联数据股份公司,150-500人,虹口区,本科,不需要融资,金融,121.486219,31.248,全职,1-3年,"['五险一金', '通讯津贴', '带薪年假', '节日礼物']"
1152,3018739,python高级大数据开发工程师,上海,2018-05-02 11:00:31,21.0,98723,阿基米德fm,阿基米德（上海）传媒有限公司,50-150人,长宁区,本科,B轮,"移动互联网,电子商务",121.40759,31.19704,全职,3-5年,"['年底双薪', '带薪年假', '绩效奖金', '扁平管理']"
1153,3240672,Python开发主管/经理（运维开发）,上海,2018-04-27 17:23:51,24.8,50702,美团点评,北京三快在线科技有限公司,2000人以上,长宁区,本科,D轮及以上,"移动互联网,O2O",121.424432,31.212374,全职,3-5年,"['技能培训', '绩效奖金', '岗位晋升', '领导好']"
1154,4282746,python开发工程师（运维开发）,深圳,2018-04-25 15:06:34,14.0,23403,长亮科技,深圳市长亮科技股份有限公司,2000人以上,南山区,本科,上市公司,企业服务,113.941145,22.545135,全职,不限,"['五险一金', '通讯津贴', '带薪年假', '定期体检']"
1155,4423089,python开发工程师,北京,2018-04-20 17:44:44,28.0,22662,学吧课堂,北京博学慎思教育科技有限公司,15-50人,昌平区,本科,A轮,教育,116.311319,40.0655,全职,5-10年,[]
1156,4063824,Python研发工程师（机器学习方向）,北京,2018-05-02 10:04:33,24.8,172285,猎户星空,北京猎户星空科技有限公司,150-500人,朝阳区,本科,A轮,"移动互联网,硬件",116.458741,39.932851,全职,3-5年,"['年度旅游', '弹性工作', '领导好', '五险一金']"
1157,4357144,Python工程师,广州,2018-05-01 19:14:05,4.8,309252,恭齐,长沙恭齐网络科技有限公司,150-500人,天河区,大专,上市公司,"移动互联网,电子商务",113.345848,23.140972,全职,应届毕业生,"['""""']"
1158,4243492,Python运维开发工程师,成都,2018-04-25 15:11:23,10.8,130924,深圳博瑞得,成都博云科技有限公司,150-500人,高新区,本科,上市公司,"移动互联网,数据服务",104.060774,30.575212,全职,3-5年,[]
1159,3909065,Python开发,成都,2018-04-24 11:14:40,4.2,125511,欧督（成都）,成都欧督系统科技有限公司,50-150人,高新区,大专,不需要融资,"企业服务,电子商务",104.063173,30.595572,全职,1-3年,"['年底双薪', '股票期权', '年终分红', '绩效奖金']"
1160,4434048,Python开发工程师,天津,2018-04-17 14:07:53,14.0,167502,上海敬庸,上海敬庸信息科技有限公司,150-500人,和平区,本科,未融资,移动互联网,117.212705,39.122837,全职,1-3年,[]
1161,4278103,Python开发工程师,北京,2018-04-12 18:02:18,12.0,105404,云量科技,云量科技（北京）有限责任公司,15-50人,朝阳区,大专,天使轮,"移动互联网,金融",116.481459,39.99646,全职,1-3年,"['带薪年假', '午餐补助', '弹性工作', '扁平管理']"
1162,3886061,后端（Python）开发工程师,上海,2018-04-27 15:45:23,22.4,86312,再惠网络,再惠（上海）网络科技有限公司,150-500人,长宁区,本科,B轮,"移动互联网,企业服务",121.42700865,31.19913103,全职,1-3年,"['午餐晚餐补助', '领导亲和逗逼', '丰厚股票期权', '年底2-5薪']"
1163,1989191,Python,深圳,2018-04-25 14:56:03,10.8,135308,ITS,深圳市埃提思科技开发有限公司,15-50人,南山区,大专,天使轮,"数据服务,移动互联网",113.95572959,22.53636999,全职,1-3年,[]
1164,2818995,Python开发工程师,北京,2018-04-25 10:09:33,14.0,172410,铂金智慧,北京铂金智慧网络科技有限公司,150-500人,海淀区,本科,B轮,"移动互联网,数据服务",116.315033,40.035941,全职,1-3年,"['带薪年假', '绩效奖金', '五险一金', '岗位晋升']"
1165,4300019,Python开发工程师,深圳,2018-04-19 16:36:07,17.0,1079,瓶子科技,深圳瓶子科技有限公司,50-150人,南山区,本科,不需要融资,移动互联网,113.915435,22.491628,全职,3-5年,"['年底双薪', '节日礼物', '技能培训', '绩效奖金']"
1166,3918789,高级Python工程师,北京,2018-04-19 11:11:51,21.0,249895,秒秒测科技,秒秒测科技（北京）有限公司,15-50人,海淀区,本科,A轮,"硬件,医疗健康",116.314242,39.984625,全职,3-5年,[]
1167,4444194,python开发工程师,北京,2018-04-18 16:59:43,11.8,145597,云势软件,云势天下（北京）软件有限公司,50-150人,朝阳区,本科,A轮,企业服务,116.453154,39.931105,全职,3-5年,"['年底双薪', '专项奖金', '绩效奖金', '带薪年假']"
1168,4310939,【校招】Python开发工程师（安全方向）,北京,2018-04-27 10:57:52,16.8,129,陌陌,北京陌陌科技有限公司,500-2000人,朝阳区,本科,上市公司,社交网络,115.99339,39.99426,全职,应届毕业生,"['岗位晋升', '帅哥多', '管理规范', '技能培训']"
1169,3854484,Python开发,杭州,2018-04-19 13:52:02,22.8,163561,杭州默安科技有限公司,杭州默安科技有限公司,50-150人,余杭区,本科,A轮,信息安全,120.003776,30.291459,全职,3-5年,"['年底双薪', '带薪年假', '定期体检', '股票期权']"
1170,4122014,Python开发工程师,无锡,2018-04-12 09:03:28,9.6,130651,XDC,江苏恒云太信息科技有限公司,50-150人,新吴区,大专,不需要融资,数据服务,119.99408,31.993225,全职,1-3年,"['年底双薪', '绩效奖金', '午餐补助', '股票期权']"
1171,3774182,python开发工程师,杭州,2018-04-25 09:10:04,14.0,280441,虚谷科技,杭州虚谷科技有限公司,少于15人,拱墅区,本科,未融资,"硬件,移动互联网",120.118439,30.336531,全职,1-3年,[]
1172,4286480,python开发工程师,武汉,2018-04-18 23:18:06,8.4,105373,优维科技,优维科技（深圳）有限公司,50-150人,洪山区,本科,A轮,"移动互联网,企业服务",114.392085,30.513589,全职,1-3年,"['年底双薪', '午餐补助', '股票期权', '弹性工作']"
1173,2826073,Python 后端开发工程师,北京,2018-04-17 17:41:10,28.0,170983,东方联盟,北京东方联盟科技有限公司,15-50人,海淀区,本科,不需要融资,"教育,移动互联网",116.30887,39.981313,全职,3-5年,[]
1174,195991,Python后台,武汉,2018-05-02 09:25:58,11.4,28807,森果,武汉小果科技有限公司,15-50人,东湖新技术开发区,本科,天使轮,"移动互联网,O2O",114.400198,30.504326,全职,1-3年,"['年终分红', '股票期权', '弹性工作', '节日礼物']"
1175,4353182,Python开发(Devops),北京,2018-04-23 15:48:29,14.0,3290,澳客网,人民澳客传媒科技有限公司,50-150人,海淀区,本科,不需要融资,"移动互联网,电子商务",115.99339,39.99426,全职,1-3年,"['试用期全薪', '全额五险一金', '央企背景', '餐补每天50']"
1176,4098288,高级Python后端工程师,北京,2018-04-16 21:03:13,26.0,1561,Face++,北京旷视科技有限公司,500-2000人,海淀区,本科,C轮,"移动互联网,硬件",116.325436,39.984273,全职,3-5年,"['科技大牛公司', '自助三餐', '年终多薪', '超长带薪假期']"
1177,4189165,Python工程师,深圳,2018-04-13 13:36:30,19.0,124511,阿鹿,深圳市健康阿鹿信息科技有限公司,50-150人,南山区,大专,不需要融资,"移动互联网,医疗健康",0.0,0.0,全职,1-3年,"['年底双薪', '交通补助', '带薪年假', '午餐补助']"
1178,3249501,Python开发工程师,杭州,2018-04-09 09:42:33,6.2,130046,海适云承,杭州海适云承科技有限公司,50-150人,西湖区,大专,天使轮,"医疗健康,移动互联网",120.136143,30.282682,全职,1-3年,"['年底双薪', '绩效奖金', '午餐补助', '专项奖金']"
1179,3931052,软件开发工程师（python）,北京,2018-04-03 11:37:38,14.0,45262,智海创讯,北京智海创讯信息技术有限公司,15-50人,海淀区,本科,天使轮,数据服务,116.377538,40.032391,全职,1-3年,"['技能培训', '节日礼物', '舆情监测', '绩效奖金']"
1180,4168415,python开发（数据分析）,北京,2018-05-02 10:54:47,3.8,255,多贝网,北京多贝兄弟信息技术有限公司,50-150人,海淀区,本科,上市公司,教育,115.99339,39.99426,实习,不限,"['都是年轻人', '不打卡', '自助餐管饱', '娱乐活动管够']"
1181,4243233,高级Python工程师,苏州,2018-04-28 12:15:08,19.0,330042,紫豹科技,苏州紫豹科技有限公司,15-50人,工业园区,不限,不需要融资,信息安全,120.71479,31.322248,全职,3-5年,"['股票期权', '专项奖金', '绩效奖金', '扁平管理']"
1182,3754854,Python开发工程师,杭州,2018-04-23 10:44:59,14.0,131081,庭好的,杭州庭好数字科技有限公司,50-150人,滨江区,大专,未融资,"移动互联网,电子商务",120.191287,30.176581,全职,应届毕业生,[]
1183,4167103,python开发工程师,深圳,2018-04-19 16:07:01,13.2,44875,印孚瑟斯,印孚瑟斯技术（中国）有限公司,2000人以上,龙岗区,大专,上市公司,移动互联网,114.07483,22.64214,全职,3-5年,"['节日礼物', '技能培训', '免费班车', '岗位晋升']"
1184,402997,Python工程师,上海,2018-04-17 11:28:47,7.0,46549,ELICO-CORP,上海寰享网络科技有限公司,15-50人,长宁区,大专,未融资,"旅游,数据服务",121.42281001,31.20115629,全职,不限,[]
1185,402997,Python工程师,上海,2018-04-17 11:28:47,7.0,46549,ELICO-CORP,上海寰享网络科技有限公司,15-50人,长宁区,大专,未融资,"旅游,数据服务",121.42281001,31.20115629,全职,不限,[]
1186,2304922,Python研发工程师,北京,2018-04-12 11:25:46,14.0,128977,云端智度,北京云端智度科技有限公司,15-50人,朝阳区,大专,A轮,"移动互联网,其他",0.0,0.0,全职,1-3年,"['午餐补助', '带薪年假', '绩效奖金', '通讯津贴']"
1187,3766164,全栈工程师（Python）,北京,2018-05-02 10:35:48,28.0,254694,创新工场AI工程院,创新工场（北京）企业管理股份有限公司,50-150人,海淀区,本科,未融资,移动互联网,0.0,0.0,全职,3-5年,"['绩效奖金', '带薪年假', '通讯津贴', '年终分红']"
1188,4210124,Python开发工程师,深圳,2018-04-23 16:13:37,9.6,44625,迈卡网络,深圳市迈卡网络科技有限公司,15-50人,南山区,大专,不需要融资,O2O,113.970622,22.583731,全职,1-3年,"['节日礼物', '年底双薪', '带薪年假', '年度旅游']"
1189,3305220,Python工程师,上海,2018-04-23 10:04:33,14.0,127812,上海企企网络科技有限公司,上海企企网络科技有限公司,50-150人,静安区,大专,天使轮,移动互联网,121.446806,31.222042,全职,1-3年,[]
1190,3895299,架构师(Python技术架构),上海,2018-04-16 17:06:05,28.0,56474,NextTao 互道信息,互道信息技术（上海）有限公司,50-150人,浦东新区,本科,B轮,"移动互联网,电子商务",121.60319,31.200039,全职,5-10年,"['节日礼物', '技能培训', '年底双薪', '绩效奖金']"
1191,3736946,Python开发工程师,上海,2018-04-13 10:37:36,12.8,43545,雁联计算,深圳市雁联计算系统有限公司,500-2000人,浦东新区,本科,不需要融资,金融,121.531974,31.224473,全职,1-3年,"['节日礼物', '技能培训', '带薪年假', '绩效奖金']"
1192,4465066,Python 工程师（ETL）,深圳,2018-05-02 16:02:23,12.0,35565,一面数据,深圳市一面网络技术有限公司,15-50人,南山区,本科,A轮,"移动互联网,数据服务",113.939984,22.540416,全职,不限,"['技能培训', '海归精英团队', 'Geek分享', '绩效奖金']"
1193,4162970,区块链研发工程师－python,北京,2018-04-27 16:01:03,21.0,327665,曲速科技,北京曲速万联科技有限公司,15-50人,朝阳区,本科,A轮,"移动互联网,金融",116.476362,39.953197,全职,1-3年,[]
1194,4038015,Python开发实习生,北京,2018-04-26 11:41:54,3.4,264205,简媒科技,北京简媒信息科技有限公司,少于15人,昌平区,本科,天使轮,"企业服务,移动互联网",116.348162,40.080092,实习,应届毕业生,[]
1195,4475403,python开发,武汉,2018-04-24 17:42:21,17.0,297092,唯品会,广州唯品会信息科技有限公司,2000人以上,洪山区,本科,上市公司,移动互联网、电子商务,114.353567,30.525864,全职,不限,"['""""']"
1196,3433023,Python 工程师,深圳,2018-04-12 16:47:46,7.0,28556,中国联保,深圳市中企工联保家电服务有限公司,150-500人,龙岗区,大专,A轮,"移动互联网,电子商务",114.12503,22.64347,全职,1-3年,"['五险一金', '专项奖金', '股票期权', '午餐补助']"
1197,3450039,Python开发工程师（推荐系统）,北京,2018-05-02 10:29:52,24.8,29151,Yi+,北京陌上花科技有限公司,50-150人,海淀区,本科,B轮,移动互联网,116.313649,39.978272,全职,3-5年,"['股票期权', '岗位晋升', '弹性工作', '绩效奖金']"
1198,4346409,python开发（风控）,深圳,2018-05-02 10:13:58,13.2,3956,盖威,深圳市盖威科技有限公司,150-500人,南山区,大专,不需要融资,金融,113.9422,22.54878,全职,3-5年,"['绩效奖金', '五险一金', '交通补助', '带薪年假']"
1199,4493996,Python开发工程师,北京,2018-04-27 14:59:14,9.6,260271,开网科技,开网科技北京有限公司,150-500人,东城区,本科,未融资,移动互联网,116.296232,40.051527,全职,1年以下,[]
1200,4027712,Python高级开发工程师,北京,2018-05-02 13:17:43,17.8,237904,库神,北京库神信息技术有限公司,50-150人,海淀区,大专,A轮,"移动互联网,硬件",116.307278,40.035928,全职,3-5年,"['午餐补助', '绩效奖金', '带薪年假', '节日福利']"
1201,4098955,Python开发工程师,上海,2018-04-24 09:56:43,14.0,75604,弘则研究,弘则弥道（上海）投资咨询有限公司,50-150人,浦东新区,硕士,未融资,"移动互联网,金融",121.509818,31.234314,全职,1-3年,"['节日礼物', '股票期权', '带薪年假', '年度旅游']"
1202,4217014,高级Python web开发,北京,2018-04-23 14:46:59,21.0,101211,易美健,易思互动（北京）科技有限公司,50-150人,海淀区,本科,A轮,"金融,医疗健康",116.342295,39.966019,全职,3-5年,"['节日礼物', '扁平管理', '定期体检', '五险一金']"
1203,4366324,python软件开发工程师,南京,2018-04-19 15:32:10,4.8,210084,南京枫溢软科,南京枫溢软件科技有限公司,少于15人,江宁区,大专,未融资,"企业服务,信息安全",118.793033,31.931613,全职,1年以下,[]
1204,3494400,Python工程师（有股票）,北京,2018-04-18 16:46:26,21.0,207957,美灿科技,北京美灿科技有限公司,50-150人,东城区,不限,不需要融资,"移动互联网,企业服务",116.432736,39.920948,全职,3-5年,"['股票期权', '带薪年假', '年终分红', '绩效奖金']"
1205,4043395,Python工程师,北京,2018-04-12 11:41:39,14.0,100530,超萌,北京超萌国际文化有限公司,50-150人,海淀区,本科,A轮,"数据服务,企业服务",116.333743,39.99236,全职,1-3年,"['股票期权', '扁平管理', '领导好', '技术驱动']"
1206,3085217,Python程序员,东莞,2018-04-11 17:29:08,10.8,200598,宝塔面板,东莞市百塔网络科技有限公司,少于15人,东莞市市辖区,不限,天使轮,信息安全,113.70489,22.989609,全职,1-3年,"['五险一金', '岗位晋升', '股票期权', '午餐补助']"
1207,3837770,python开发,西安,2018-04-10 11:26:26,6.2,140837,图迹科技,西安图迹信息科技有限公司北京分公司,50-150人,高新技术产业开发区,大专,A轮,"移动互联网,数据服务",108.859664,34.194204,全职,1-3年,[]
1208,3882602,Python开发工程师,杭州,2018-04-03 16:29:16,14.0,159245,艾锝,杭州艾锝信息技术有限公司,15-50人,滨江区,本科,不需要融资,"金融,移动互联网",120.139088,30.186623,全职,1-3年,"['弹性工作', '扁平管理']"
1209,3191288,KunLun-系统研发工程师(Go/Python),成都,2018-04-25 13:40:20,16.8,42711,BBD,成都数联铭品科技有限公司,150-500人,高新区,不限,C轮,"电子商务,数据服务",104.069694,30.555282,全职,3-5年,"['带薪年假', '绩效奖金', '扁平管理', '定期体检']"
1210,4450063,Python开发工程师,上海,2018-04-19 14:55:07,12.0,339419,联寓智能,上海联寓智能科技有限公司,150-500人,浦东新区,大专,天使轮,"移动互联网,生活服务",121.631838,31.263078,全职,1-3年,"['""""']"
1211,4372310,Python数据开发,北京,2018-04-04 12:11:36,19.0,358575,谷德环宇,北京谷德环宇科技有限公司,少于15人,海淀区,本科,天使轮,"金融,数据服务",116.312055,39.977522,全职,3-5年,"['年底双薪', '股票期权', '绩效奖金', '带薪年假']"
1212,4042032,python 全栈开发工程师,北京,2018-05-03 09:25:03,19.0,114268,TCL互联网事业本部,TCL集团股份有限公司,150-500人,海淀区,本科,不需要融资,移动互联网,116.309563,39.959681,全职,1-3年,[]
1213,4473821,python后端开发工程师,武汉,2018-04-28 10:38:30,11.2,171425,一网,一网推（江苏）网络技术有限公司,50-150人,洪山区,本科,未融资,"企业服务,广告营销",114.423824,30.504023,全职,1年以下,[]
1214,4343750,Python开发,深圳,2018-04-28 09:14:37,3.8,309456,贝笃科技,上海贝笃网络科技有限公司,150-500人,宝安区,大专,未融资,"移动互联网,电子商务",113.865643,22.567134,全职,应届毕业生,"['""""']"
1215,4273452,Python高级/中级研发工程师(安全方向),北京,2018-04-27 10:57:49,28.0,129,陌陌,北京陌陌科技有限公司,500-2000人,朝阳区,本科,上市公司,社交网络,115.99339,39.99426,全职,1-3年,"['岗位晋升', '帅哥多', '管理规范', '技能培训']"
1216,2653020,Python实习生,北京,2018-04-25 17:21:44,8.4,125102,格上添富,北京格上添富科技发展有限公司,150-500人,朝阳区,本科,不需要融资,"移动互联网,金融",116.4606662,39.92974566,实习,不限,"['绩效奖金', '带薪年假', '午餐补助', '定期体检']"
1217,4025996,Python开发工程师,深圳,2018-04-18 09:31:19,10.8,155301,合纵能源,深圳合纵能源技术有限公司,50-150人,龙华新区,本科,天使轮,移动互联网,114.04777,22.729387,全职,1-3年,[]
1218,4215426,Python web开发工程师,广州,2018-04-16 10:46:40,10.8,85931,菜鸟窝,广州洋葱头信息科技有限公司,15-50人,天河区,本科,不需要融资,"移动互联网,教育",113.400207,23.12095,全职,3-5年,"['专项奖金', '股票期权', '带薪年假', '绩效奖金']"
1219,2842570,Python开发,西安,2018-04-16 09:56:45,7.0,174235,极互科技,西安极互云网络科技有限公司,少于15人,高新技术产业开发区,不限,不需要融资,"企业服务,信息安全",,,全职,不限,"['年终分红', '五险一金', '弹性工作', '领导好']"
1220,402987,Python工程师,上海,2018-04-16 17:17:55,7.0,46549,ELICO-CORP,上海寰享网络科技有限公司,15-50人,长宁区,大专,未融资,"旅游,数据服务",121.42281001,31.20115629,全职,不限,[]
1221,2429819,Python,深圳,2018-04-16 09:47:05,12.0,145652,木浪云,深圳市木浪云数据有限公司,15-50人,南山区,本科,天使轮,"企业服务,数据服务",113.941651,22.553942,全职,3-5年,"['股票期权', '年终分红', '带薪年假', '绩效奖金']"
1222,4246526,Python后台架构师,深圳,2018-05-02 14:08:32,28.0,130397,小步网络,深圳小步网络科技有限公司,15-50人,宝安区,本科,B轮,移动互联网,113.871114,22.563133,全职,5-10年,"['股票期权', '定期体检', '下午茶', '年度旅游']"
1223,4363684,python开发工程师,深圳,2018-04-25 16:10:32,14.0,182070,深信服科技集团,深信服科技股份有限公司,2000人以上,南山区,本科,不需要融资,"信息安全,企业服务",114.002407,22.591785,全职,不限,"['三餐全包', '大牛超多', '年终奖超多', '大公司，稳定']"
1224,4274962,python开发,南京,2018-04-25 10:45:39,9.0,340837,光辉创赢,北京光辉创赢信息技术有限公司,少于15人,江宁区,不限,未融资,"企业服务,信息安全",118.778614,31.823987,全职,1-3年,"['""""']"
1225,2731665,Python 开发工程师,深圳,2018-04-20 11:38:51,12.6,142442,云数科技,云数信息科技（深圳）有限公司,15-50人,南山区,本科,未融资,"数据服务,企业服务",113.937987,22.523392,全职,1-3年,"['年底双薪', '绩效奖金', '带薪年假', '公司团建']"
1226,1825536,Python,武汉,2018-04-11 20:46:15,11.2,129682,乐谷游戏,武汉乐谷在线科技有限公司,50-150人,洪山区,大专,A轮,游戏,0.0,0.0,全职,1-3年,"['专项奖金', '带薪年假', '弹性工作', '年度旅游']"
1227,4396501,Python开发工程师,上海,2018-04-10 14:55:48,3.4,201058,长江科技,上海长江科技发展有限公司,150-500人,徐汇区,本科,不需要融资,"医疗健康,信息安全",121.397708,31.162958,实习,不限,[]
1228,4262801,python数据分析,深圳,2018-05-03 09:20:11,21.0,65521,泽林信息,深圳市泽林信息咨询有限公司,500-2000人,南山区,本科,不需要融资,教育,113.953534,22.542215,全职,1-3年,"['节日礼物', '技能培训', '绩效奖金', '年度旅游']"
1229,3693485,Python高级讲师,成都,2018-05-02 09:11:59,21.0,271992,源码时代,四川源码时代科技有限公司,150-500人,高新区,大专,不需要融资,移动互联网,104.054257,30.587234,全职,3-5年,[]
1230,4044852,Python开发工程师(风控开发方向),北京,2018-04-27 10:57:50,28.0,129,陌陌,北京陌陌科技有限公司,500-2000人,朝阳区,本科,上市公司,社交网络,115.99339,39.99426,全职,1-3年,"['岗位晋升', '帅哥多', '管理规范', '技能培训']"
1231,3005787,Python开发工程师,北京,2018-04-16 16:01:50,14.0,185725,溪流科技,溪流科技（北京）有限公司,少于15人,东城区,本科,未融资,"企业服务,数据服务",116.408739,39.889561,全职,1-3年,[]
1232,3787970,Python开发工程师,杭州,2018-04-09 15:41:42,15.2,205347,同花顺,杭州同花顺数据开发有限公司,2000人以上,余杭区,本科,上市公司,"金融,电子商务",120.045424,30.291923,全职,1-3年,[]
1233,3389654,Python开发工程师（深圳）,深圳,2018-05-02 08:40:03,21.0,24748,平安科技,平安科技（深圳）有限公司,2000人以上,福田区,本科,不需要融资,金融,114.09938142,22.55951564,全职,3-5年,"['节日礼物', '年度旅游', '岗位晋升', '技能培训']"
1234,4367223,Python开发工程师,西安,2018-04-26 16:17:17,9.6,154896,远诚物流,西安远诚物流有限公司,2000人以上,高新技术产业开发区,本科,上市公司,移动互联网,0.0,0.0,全职,1-3年,[]
1235,1781652,Python工程师（运维平台）,深圳,2018-04-25 19:56:39,21.0,6927,OPPO,广东欧珀移动通信有限公司,2000人以上,南山区,本科,不需要融资,移动互联网,113.943044,22.518792,全职,3-5年,"['丰厚年终', '扁平管理', '追求极致', '本分']"
1236,3158360,python开发工程师,深圳,2018-04-13 10:41:43,17.0,10829,上海胜日,上海胜日信息科技有限公司,50-150人,南山区,本科,B轮,移动互联网,113.94059,22.55473,全职,1-3年,"['绩效奖金', '年底双薪', '五险一金', '带薪年假']"
1237,3578688,Python工程师/Perl工程师/Php工程师,广州,2018-05-02 15:35:41,9.6,75870,航旅天空,广州航旅天空信息科技有限公司,50-150人,天河区,本科,上市公司,"移动互联网,数据服务",113.329079,23.132082,全职,3-5年,"['年底双薪', '专项奖金', '带薪年假', '绩效奖金']"
1238,4496895,Python讲师,郑州,2018-04-28 09:24:04,14.0,230052,埃扣科技,郑州埃扣电子科技有限公司,50-150人,中原区,大专,未融资,"移动互联网,教育",113.598325,34.747238,全职,3-5年,"['绩效奖金', '通讯津贴']"
1239,4079422,Python开发工程师,北京,2018-04-25 19:49:51,12.4,146681,西贝,内蒙古西贝餐饮连锁有限责任公司,2000人以上,朝阳区,本科,不需要融资,其他,,,全职,3-5年,[]
1240,4479778,Python工程师,北京,2018-04-25 13:59:20,17.0,371823,微众营创科技（北京）有限公司,微众营创科技（北京）有限公司,50-150人,朝阳区,本科,A轮,"移动互联网,金融",116.472985,40.01989,全职,3-5年,"['""""']"
1241,4476215,python后端,广州,2018-04-24 19:59:21,13.2,362963,广州雪龙,广州雪龙科技有限公司,15-50人,海珠区,大专,天使轮,游戏、移动互联网,113.29199,23.092801,全职,1-3年,"['""""']"
1242,3810502,Python开发工程师,北京,2018-04-18 11:40:54,16.8,190995,DERA,北京得瑞领新科技有限公司,50-150人,昌平区,本科,B轮,"信息安全,硬件",116.347137,40.080199,全职,3-5年,[]
1243,4116194,Python实习生,上海,2018-04-28 18:36:38,2.8,93066,斯干,斯干网络科技有限公司,50-150人,徐汇区,本科,B轮,"移动互联网,文化娱乐",121.392946,31.172462,实习,应届毕业生,"['节日礼物', '股票期权', '扁平管理', '帅哥多']"
1244,3109170,python,北京,2018-04-25 18:18:16,12.0,189993,漫动互通,漫动互通网络科技（北京）有限公司,50-150人,朝阳区,本科,不需要融资,移动互联网,116.4706,39.910716,全职,1-3年,"['年终分红', '扁平管理']"
1245,3109170,python,北京,2018-04-25 18:18:16,12.0,189993,漫动互通,漫动互通网络科技（北京）有限公司,50-150人,朝阳区,本科,不需要融资,移动互联网,116.4706,39.910716,全职,1-3年,"['年终分红', '扁平管理']"
1246,4164766,Python讲师,北京,2018-05-02 09:06:08,14.0,6040,慕课网,北京奥鹏远程教育中心有限公司,50-150人,海淀区,大专,不需要融资,"移动互联网,教育",116.30996,39.960161,全职,1-3年,"['节日礼物', '技能培训', '节日礼品卡', '月度团建']"
1247,3992497,Python研发工程师,北京,2018-04-25 10:26:24,12.6,22767,独到科技,独到科技（北京）有限公司,15-50人,海淀区,本科,未融资,"企业服务,数据服务",116.334333,39.994421,全职,1-3年,"['岗位晋升', '技能培训', '领导好', '扁平管理']"
1248,4473222,Python讲师,上海,2018-04-24 15:06:41,10.8,110252,容大教育,上海容大教育培训有限公司,150-500人,普陀区,大专,未融资,教育,121.409359,31.229312,全职,1-3年,"['绩效奖金', '定期体检']"
1249,3945445,Python 数据分析,深圳,2018-05-02 22:53:13,17.8,128998,江苏亿科达,上海海万信息科技股份有限公司,500-2000人,福田区,大专,不需要融资,"移动互联网,金融",0.0,0.0,全职,3-5年,[]
1250,4182943,python后台开发工程师,北京,2018-04-26 13:54:53,28.0,165649,混沌大学,混沌时代（北京）教育科技有限公司,150-500人,海淀区,本科,不需要融资,"移动互联网,教育",116.33356,39.971488,全职,应届毕业生,"['弹性工作', '扁平管理', '领导好', '五险一金']"
1251,4245696,Python开发工程师（Odoo）,杭州,2018-04-23 10:34:21,17.0,297355,LyshTech,杭州砺石信息科技有限公司,15-50人,西湖区,本科,天使轮,"移动互联网,电子商务",0.0,0.0,全职,不限,"['年底双薪', '股票期权', '带薪年假', '专项奖金']"
1252,4361251,Python 开发工程师,北京,2018-04-12 10:53:46,24.8,143967,金风科技,北京金风科创风电设备有限公司,2000人以上,大兴区,本科,上市公司,"硬件,其他",116.532311,39.756555,全职,5-10年,"['带薪年假', '节日礼物', '帅哥多', '美女多']"
1253,4143122,python 开发工程师,上海,2018-04-10 18:40:47,14.0,255033,酷犇,上海酷犇网络科技有限公司,15-50人,浦东新区,本科,天使轮,"移动互联网,金融",121.605557,31.178726,全职,1-3年,[]
1254,1548255,运维&amp;python开发工程师（高级）,成都,2018-05-03 09:27:58,10.8,55562,西游网,成都趣乐多科技有限公司,50-150人,高新区,本科,不需要融资,游戏,104.07010065,30.55062161,全职,1-3年,"['节日礼物', '年底双薪', '带薪年假', '定期体检']"
1255,71479,Go开发，或Python，C,广州,2018-05-02 17:15:00,10.8,9043,智品移动,广州智品移动技术有限公司,50-150人,天河区,本科,A轮,"移动互联网,电子商务",113.3696717,23.11806808,全职,不限,"['五险一金', '健身器材', '扁平管理', '产品为主']"
1256,4481569,Python工程师,北京,2018-04-25 16:18:34,8.8,356107,北京博略顺和科技有限公司,北京博略顺和科技有限公司,15-50人,海淀区,大专,不需要融资,"移动互联网,数据服务",116.270799,39.953461,全职,不限,"['""""']"
1257,2823912,python开发工程师,上海,2018-04-09 17:57:47,12.0,172776,司睿杰建科,上海司睿杰建筑科技有限公司,15-50人,静安区,本科,不需要融资,"移动互联网,企业服务",121.458879,31.244647,全职,1-3年,"['专项奖金', '交通补助', '午餐补助', '通讯津贴']"
1258,4487372,Python开发工程师（网络自动化方向）,杭州,2018-04-26 14:41:07,12.0,329,网易,网易（杭州）有限公司,2000人以上,滨江区,本科,上市公司,"电子商务,移动互联网",120.192295,30.188393,全职,3-5年,"['节日礼物', '技能培训', '免费班车', '带薪年假']"
1259,1487522,Python工程师,深圳,2018-04-19 10:07:40,11.8,76413,宸睿科技,深圳宸睿科技有限公司,少于15人,南山区,本科,不需要融资,"电子商务,教育",113.94462718,22.53550057,全职,3-5年,"['带薪年假', '领导好', '五险一金', '高新企业']"
1260,4446524,Python开发工程师,北京,2018-04-19 09:40:37,12.0,29605,大公国际,大公国际资信评估有限公司,500-2000人,朝阳区,大专,未融资,金融,116.466092,39.959666,全职,1-3年,"['技能培训', '带薪年假', '绩效奖金', '岗位晋升']"
1261,2740252,python开发,深圳,2018-04-17 21:51:21,21.0,22233,SheIn,深圳市找库科技有限公司,500-2000人,南山区,本科,B轮,"移动互联网,电子商务",113.970255,22.584162,全职,3-5年,"['五险一金', '带薪年假', '节日礼物', '年度旅游']"
1262,4304912,Python 高级开发工程师,广州,2018-04-09 16:02:41,13.2,24787,百伦,广州百伦贸易有限公司,150-500人,天河区,本科,不需要融资,电子商务,113.341105,23.17256,全职,1-3年,"['绩效奖金 ', '年底双薪 ', '五险一金 ', '带薪年假 ']"
1263,2557008,Python工程师,上海,2018-04-08 18:01:41,14.0,130969,景栗Gemii,上海景栗信息科技有限公司,50-150人,,本科,不需要融资,"移动互联网,数据服务",121.48837296,31.26696175,全职,1-3年,"['带薪年假', '股票期权', '弹性工作', '美女多']"
1264,4286607,Python开发工程师（内部系统开发）,深圳,2018-05-02 09:32:43,14.0,201020,shein,深圳库尚信息技术有限公司,2000人以上,南山区,本科,B轮,电子商务,113.971272,22.584499,全职,1-3年,[]
1265,4383587,Python开发工程师,北京,2018-04-17 16:07:26,14.0,145443,专注做海外，自研自发，研运一体,北京战策互动科技有限公司,15-50人,海淀区,本科,不需要融资,移动互联网,116.365746,39.98409,全职,不限,[]
1266,3906027,python工程师 25k-40k,北京,2018-04-16 10:46:12,28.0,183096,北京国鼎源创智能科技有限公司,北京国鼎源创智能科技有限公司,少于15人,海淀区,本科,不需要融资,"移动互联网,数据服务",116.301427,40.053087,全职,1-3年,[]
1267,3925138,python工程师,北京,2018-04-12 14:23:00,12.0,427,圈网科技,北京圈网互联科技有限公司,50-150人,海淀区,本科,未融资,"移动互联网,游戏",116.346186,39.948473,全职,应届毕业生,"['五险一金', '岗位晋升', '年度旅游', '节日礼物']"
1268,4183958,Python工程师,广州,2018-04-09 10:24:05,7.8,132869,天锐医健,广州天锐医健信息科技有限公司,50-150人,天河区,大专,未融资,"移动互联网,信息安全",113.328962,23.132731,全职,1-3年,"['绩效奖金', '带薪年假', '交通补助', '通讯津贴']"
1269,3357686,Python中级工程师,南京,2018-04-26 14:26:14,13.2,228819,紫光西数,紫光西部数据有限公司,150-500人,秦淮区,本科,不需要融资,"数据服务,信息安全",118.874293,32.018288,全职,1-3年,"['绩效奖金', '午餐补助', '定期体检', '交通补助']"
1270,4171085,Python软件开发工程师,上海,2018-04-25 13:43:34,9.4,53073,UPAPP,上海量讯电子商务有限公司,15-50人,徐汇区,本科,未融资,"移动互联网,企业服务",121.40198,31.17199,全职,1-3年,"['技能培训', '专项奖金', '带薪年假', '绩效奖金']"
1271,4211873,Python开发工程师,深圳,2018-04-16 17:11:13,6.2,213305,友联金达,深圳市友联金达软件开发有限公司,15-50人,罗湖区,大专,未融资,企业服务,114.13435,22.572751,全职,1-3年,[]
1272,4426379,Python工程师,成都,2018-04-16 14:21:23,10.8,88496,国信安,成都国信安信息产业基地有限公司,150-500人,双流县,本科,不需要融资,"移动互联网,教育",103.969381,30.559595,全职,1-3年,"['节日礼物', '年底双薪', '带薪年假', '绩效奖金']"
1273,2068310,Python开发工程师,北京,2018-04-16 10:44:48,14.0,11897,趣活美食送,北京趣活科技有限公司,2000人以上,朝阳区,不限,D轮及以上,"移动互联网,O2O",116.515271,39.903641,全职,1-3年,"['绩效奖金', '专项奖金', '岗位晋升', '美女多']"
1274,4394904,python工程师,上海,2018-04-16 09:28:21,19.0,95439,微侠,上海德必文化创意产业服务（集团）有限公司,15-50人,长宁区,大专,天使轮,"移动互联网,企业服务",39.897445,116.331398,全职,3-5年,"['股票期权', '管理规范', '年底双薪', '五险一金']"
1275,4183638,Python开发工程师,成都,2018-04-12 16:30:28,8.4,81435,优炫软件,北京优炫软件股份有限公司,150-500人,高新区,本科,上市公司,"企业服务,信息安全",104.058203,30.559672,全职,1-3年,"['年底双薪', '股票期权', '带薪年假', '绩效奖金']"
1276,4411515,Python开发工程师(实习),南京,2018-04-12 15:01:50,2.8,363978,上海菁数,上海菁数信息技术有限公司,15-50人,江宁区,本科,不需要融资,"移动互联网,数据服务",118.899236,31.914054,实习,应届毕业生,"['""""']"
1277,4424191,Python后台（Web开发）,北京,2018-05-02 15:36:13,21.0,273658,周同科技,北京周同科技有限公司,50-150人,朝阳区,本科,A轮,"移动互联网,数据服务",116.517303,40.039379,全职,不限,"['带薪年假', '定期体检', '午餐补助', '出国旅游']"
1278,3981295,Python工程师（北京）,北京,2018-04-26 16:41:54,19.0,113697,LinkDoc,零氪信息技术（北京）有限公司,150-500人,海淀区,本科,C轮,"医疗健康,数据服务",116.313451,39.982037,全职,不限,"['年底双薪', '年终分红', '带薪年假', '定期体检']"
1279,1724711,Python应届毕业生,北京,2018-04-25 17:21:45,6.2,125102,格上添富,北京格上添富科技发展有限公司,150-500人,朝阳区,本科,不需要融资,"移动互联网,金融",116.4606662,39.92974566,实习,不限,"['绩效奖金', '带薪年假', '午餐补助', '定期体检']"
1280,3559237,python开发,深圳,2018-04-17 21:50:55,11.2,22233,SheIn,深圳市找库科技有限公司,500-2000人,南山区,本科,B轮,"移动互联网,电子商务",113.971074,22.584091,全职,1-3年,"['五险一金', '带薪年假', '节日礼物', '年度旅游']"
1281,3088129,python开发工程师,深圳,2018-04-10 13:58:35,14.0,32901,对酒当歌,深圳市对酒当歌科技有限公司,150-500人,南山区,大专,A轮,"电子商务,O2O",113.964776,22.589136,全职,1-3年,"['技能培训', '节日礼物', '年底双薪', '股票期权']"
1282,4494985,C++/C、Go、Python、Javascript其中的一种,成都,2018-04-27 16:29:52,6.2,130800,舞牛科技,成都舞牛科技有限公司,少于15人,双流县,不限,不需要融资,"移动互联网,企业服务",104.042464,30.4989,全职,不限,"['年底双薪', '股票期权', '专项奖金', '年终分红']"
1283,3741954,Python数据开发工程师,北京,2018-04-23 09:51:59,7.0,13455,亿维鸿,北京亿维鸿科技有限公司,50-150人,朝阳区,大专,不需要融资,移动互联网,116.414484,39.989843,全职,不限,"['绩效奖金', '五险', '带薪年假', '节日礼物']"
1284,4329466,Python开发工程师,深圳,2018-04-16 16:04:54,13.2,126520,妙严科技,深圳市妙严科技有限公司,15-50人,南山区,本科,天使轮,"移动互联网,企业服务",113.95244,22.537867,全职,3-5年,[]
1285,4383036,python开发,北京,2018-04-08 16:14:00,28.0,226015,合一信息技术（优酷）,合一信息技术（北京）有限公司,500-2000人,海淀区,本科,上市公司,移动互联网,116.303276,40.035542,全职,3-5年,"['年底双薪', '年终分红', '定期体检']"
1286,4184241,python server开发工程师,北京,2018-04-08 12:01:04,25.2,190122,币信,北京必然如此网络技术有限公司,15-50人,海淀区,本科,不需要融资,移动互联网,116.30982,39.983452,全职,1-3年,"['定期体检', '弹性工作', '美女多', '帅哥多']"
1287,4404636,Python全栈工程师,杭州,2018-05-02 09:41:14,17.8,98702,力太科技,浙江力太科技有限公司,150-500人,滨江区,本科,C轮,"移动互联网,其他",120.18125,30.185411,全职,1-3年,"['年底双薪', '股票期权', '专项奖金', '带薪年假']"
1288,1358662,Python研发工程师,深圳,2018-04-19 22:00:33,8.4,110333,金未来信息技术,深圳市金未来信息技术有限公司,少于15人,龙华新区,本科,未融资,"移动互联网,企业服务",114.01123035,22.63970976,全职,1-3年,[]
1289,3586087,Python服务端开发,武汉,2018-04-19 18:15:54,11.2,201448,逍遥互动,北京逍遥互动科技有限公司,少于15人,洪山区,本科,天使轮,"移动互联网,游戏",114.420494,30.472903,全职,3-5年,"['绩效奖金', '带薪年假', '节日礼物', '扁平管理']"
1290,3586087,Python服务端开发,武汉,2018-04-19 18:15:54,11.2,201448,逍遥互动,北京逍遥互动科技有限公司,少于15人,洪山区,本科,天使轮,"移动互联网,游戏",114.420494,30.472903,全职,3-5年,"['绩效奖金', '带薪年假', '节日礼物', '扁平管理']"
1291,1969416,Python开发工程师,北京,2018-04-17 09:40:00,12.0,81225,四维创智,四维创智（北京）科技发展有限公司,15-50人,,不限,天使轮,信息安全,116.31004,40.02712005,全职,1-3年,"['节日礼物', '年底双薪', '股票期权', '带薪年假']"
1292,3171630,python工程开发师,深圳,2018-04-16 14:16:13,8.2,84043,格隆汇,深圳格隆汇信息科技有限公司,50-150人,南山区,本科,A轮,"社交网络,金融",113.942712,22.526908,全职,1年以下,"['技能培训', '年底双薪', '股票期权', '专项奖金']"
1293,4419467,Python开发工程师,杭州,2018-04-13 16:56:14,8.4,329907,国控浙江,国药控股浙江有限公司,150-500人,上城区,大专,上市公司,其他,120.1934,30.228987,全职,1-3年,"['""""']"
1294,4187629,python开发工程师,杭州,2018-04-13 15:00:26,12.0,197329,执鼎医疗,执鼎医疗科技（杭州）有限公司,50-150人,滨江区,本科,未融资,医疗健康,120.139541,30.186233,全职,3-5年,"['专项奖金', '绩效奖金', '股票期权', '年终分红']"
1295,3184611,HY2-监控系统开发工程师-Python（深圳）,深圳,2018-04-10 09:32:15,22.8,451,腾讯,腾讯科技(深圳)有限公司,2000人以上,南山区,本科,上市公司,"移动互联网 ,游戏",113.9446,22.548341,全职,3-5年,"['免费班车', '成长空间', '年度旅游', '岗位晋升']"
1296,3561164,中级Python开发工程师,北京,2018-04-08 11:46:36,16.0,68602,蓝沧科技,北京蓝沧科技有限公司,50-150人,朝阳区,本科,A轮,企业服务,116.469522,40.013454,全职,3-5年,"['带薪年假', '国际视野', '专项奖金', '绩效奖金']"
1297,3366850,Python工程师,北京,2018-04-06 16:35:36,35.0,220132,道宇,合肥道宇电器贸易有限公司,500-2000人,海淀区,不限,A轮,"移动互联网,电子商务",116.314526,39.982338,全职,不限,"['年底三薪', '股票期权', '绩效奖金', '带薪年假']"
1298,3470517,Python高级讲师,北京,2018-05-02 09:43:29,16.8,10705,小象科技,北京小象科技有限公司,15-50人,朝阳区,本科,A轮,数据服务,116.455217,39.904618,全职,3-5年,"['年终分红', '绩效奖金', '股票期权', '五险一金']"
1299,4263752,python实习生,北京,2018-05-01 23:28:25,3.4,23682,新意互动,北京新意互动广告有限公司,500-2000人,海淀区,本科,上市公司,广告营销,116.32744346,39.93797217,实习,不限,"['年终分红', '绩效奖金', '五险一金', '交通补助']"
1300,4103116,Python工程师,广州,2018-04-16 16:19:41,9.6,320365,胖虾网络,广州胖虾网络科技有限公司,50-150人,天河区,本科,不需要融资,"移动互联网,电子商务",113.339563,23.134877,全职,1-3年,"['""""']"
1301,4405044,Python后端工程师,深圳,2018-04-11 16:22:53,17.0,133348,too,布里斯克（北京）科技有限公司,少于15人,罗湖区,本科,天使轮,社交网络,113.937987,22.523392,全职,1-3年,"['股票期权', '定期体检', '年底双薪', '带薪年假']"
1302,3722064,游戏服务器(Python)开发工程师,北京,2018-05-01 17:54:57,14.0,40618,盖娅互娱,北京盖娅互娱网络科技股份有限公司,500-2000人,朝阳区,本科,上市公司,"移动互联网,游戏",0.0,0.0,全职,1-3年,"['史上最牛团队', '五险一金', '超豪华办公室', '弹性工作']"
1303,4095839,Python开发工程师-小米电视,北京,2018-04-27 17:30:08,19.0,520,小米,北京小米科技有限责任公司,2000人以上,海淀区,本科,D轮及以上,移动互联网,116.333879,40.027624,全职,3-5年,"['快速成长', '免费班车', '扁平管理', '技能培训']"
1304,3639633,运维工程师（python自动化运维）,上海,2018-04-27 14:53:24,9.0,24995,泛微,上海泛微网络科技股份有限公司,2000人以上,闵行区,本科,上市公司,"移动互联网,企业服务",121.52396,31.07979,全职,1-3年,"['技能培训', '带薪年假', '绩效奖金', '岗位晋升']"
1305,3510066,Python讲师,北京,2018-05-03 08:26:05,19.0,114259,北京八维研修学院,北京八维研修学院,2000人以上,海淀区,本科,未融资,教育,116.277816,40.042337,全职,1-3年,[]
1306,3504188,急招资深python工程师,成都,2018-04-19 12:02:36,7.8,175766,仁和安信,成都仁和安信科技有限公司,15-50人,高新区,不限,A轮,"移动互联网,文化娱乐",104.056283,30.53762,全职,1-3年,"['年底双薪', '交通补助', '绩效奖金', '带薪年假']"
1307,4418400,python开发工程师,北京,2018-04-13 15:25:21,10.8,359202,云友网,北京云友数娱科技有限公司,15-50人,朝阳区,不限,A轮,"移动互联网,金融",116.46814,39.89272,全职,1-3年,[]
1308,3285895,Python 游戏服务端开发,北京,2018-05-02 11:08:37,22.0,88795,微笑科技,北京微笑科技有限公司,50-150人,海淀区,本科,A轮,"移动互联网,游戏",116.350322,40.008545,全职,1-3年,"['股票期权', '扁平管理', '五险一金', '男帅女美']"
1309,4223690,初级python运维工程师,广州,2018-04-26 19:31:06,7.6,25518,智检 - 专注工程现场的SaaS平台,广州智建云信息技术有限公司,50-150人,天河区,大专,A轮,移动互联网,113.373307,23.117564,全职,1-3年,"['五险一金', '带薪年假', '年底双薪', '节日礼物']"
1310,4195090,python工程师,北京,2018-04-10 18:42:12,12.0,317294,嘀嗒时代,北京嘀嗒时代科技有限公司,少于15人,朝阳区,大专,不需要融资,"移动互联网,数据服务",116.456333,39.910304,全职,1-3年,"['""""']"
1311,3869090,python开发工程师,郑州,2018-04-07 09:11:24,6.8,253879,龙祁电子,许昌龙祁电子商务有限公司,150-500人,高新区,大专,未融资,电子商务,113.604903,34.794334,全职,3-5年,[]
1312,4261792,北京-Python人工智能高级讲师,北京,2018-05-02 16:20:08,27.0,167237,知新树,北京知新树科技有限公司,50-150人,海淀区,本科,不需要融资,"教育,移动互联网",0.0,0.0,全职,3-5年,"['专项奖金', '绩效奖金', '定期体检', '弹性工作']"
1313,4408031,人工智能工程师 / Python人工智能,深圳,2018-04-17 10:23:23,14.0,363336,红孩儿科技,深圳市红孩儿信息技术有限公司,15-50人,福田区,大专,天使轮,"电子商务,企业服务",114.084688,22.540092,全职,1-3年,"['""""']"
1314,4253172,python服务的研发工程师,长沙,2018-04-21 19:07:43,9.6,332867,延信科技,成都延信科技有限公司,50-150人,岳麓区,不限,不需要融资,移动互联网,112.94012,28.20256,全职,不限,"['""""']"
1315,4210068,Python后台工程师,北京,2018-04-16 10:41:41,17.0,115713,清华大学交通研究所,清华大学,15-50人,海淀区,本科,未融资,"其他,教育",116.330519,40.003741,全职,1-3年,"['绩效奖金', '扁平管理', '领导好', '五险一金']"
1316,3788624,Python研发工程师（天津）,天津,2018-04-27 10:35:50,14.0,113697,LinkDoc,零氪信息技术（北京）有限公司,150-500人,滨海新区,本科,C轮,"医疗健康,数据服务",117.679773,38.996628,全职,1-3年,"['年底双薪', '年终分红', '带薪年假', '定期体检']"
1317,4290527,Python开发实习生,北京,2018-05-02 14:55:41,3.8,76066,晶泰科技,深圳晶泰科技有限公司,50-150人,海淀区,本科,B轮,"企业服务,医疗健康",116.313161,39.984635,实习,应届毕业生,"['节日礼物', '股票期权', '岗位晋升', '扁平管理']"
1318,3588148,python实习生,大连,2018-05-01 18:50:08,1.4,204300,允执科技,大连允执科技有限公司,15-50人,沙河口区,不限,未融资,"移动互联网,信息安全",121.597704,38.897262,实习,不限,"['区块链', '人工智能', '技术驱动型']"
1319,4326316,后端开发工程师（python）,武汉,2018-04-27 18:50:58,11.2,64861,希嘉创智,北京希嘉创智科技有限公司,50-150人,洪山区,本科,天使轮,"移动互联网,数据服务",114.399044,30.497085,全职,3-5年,"['节日礼物', '股票期权', '带薪年假', '绩效奖金']"
1320,3899407,Python后端工程师,深圳,2018-05-03 09:07:52,19.0,296175,清影医疗,清影医疗科技(深圳)有限公司,15-50人,盐田区,本科,B轮,"医疗健康,其他",114.25114,22.568698,全职,3-5年,"['交通补助', '五险一金', '餐费补贴', '年假']"
1321,4461476,Python培训师,长沙,2018-04-22 13:29:19,8.2,365568,华清教育,湖南华清教育咨询有限公司,15-50人,芙蓉区,大专,不需要融资,教育、数据服务,,,全职,3-5年,"['""""']"
1322,904954,Python 开发实习生,南宁,2018-04-14 14:23:03,2.4,79239,优趣工作室,北京优趣天下信息技术有限公司,15-50人,西乡塘区,不限,未融资,移动互联网,108.28952899,22.83073213,实习,应届毕业生,"['办公环境温馨', '周末双休', '交通方便', '年底双薪']"
1323,3905162,大数据应用工程师-Python,上海,2018-04-10 10:23:54,28.0,113723,上海拿米金服,上海拿米金融信息服务有限公司,150-500人,徐汇区,大专,不需要融资,"移动互联网,金融",121.41045,31.17033,全职,3-5年,"['年底双薪', '股票期权', '带薪年假', '通讯津贴']"
1324,3895540,Python开发实习生,南京,2018-04-24 16:19:41,4.2,39051,南京小易信息科技有限公司,南京小易信息科技有限公司,50-150人,玄武区,硕士,天使轮,"移动互联网,O2O",118.891395,32.08968,实习,应届毕业生,"['技能培训', '股票期权', '岗位晋升', '扁平管理']"
1325,4343397,Python数据工程师,北京,2018-04-08 10:29:30,21.0,101211,易美健,易思互动（北京）科技有限公司,50-150人,海淀区,本科,A轮,"金融,医疗健康",116.342295,39.966019,全职,3-5年,"['节日礼物', '扁平管理', '定期体检', '五险一金']"
1326,4033070,Python后端开发工程师,北京,2018-05-02 17:40:30,19.0,24523,哗啦啦,北京多来点信息技术有限公司,500-2000人,西城区,本科,不需要融资,"移动互联网,O2O",116.35276,39.94140907,全职,1-3年,"['技能培训', '岗位晋升', '领导好', '带薪年假']"
1327,4291429,资深后端技术指导Python/Java,上海,2018-04-26 17:03:44,28.2,5136,Wiredcraft,琢品网络科技（上海）有限公司,15-50人,静安区,本科,未融资,移动互联网,121.440983,31.228478,全职,5-10年,"['交通补助', '带薪年假', '弹性工作', '扁平管理']"
1328,4321869,python后端开发,成都,2018-05-02 10:46:50,9.8,351882,中运天成,成都中运天成科技有限公司,50-150人,高新区,大专,不需要融资,"移动互联网,电子商务",104.061686,30.576766,全职,3-5年,"['""""']"
1329,2934538,高级Python研发工程师,北京,2018-04-25 17:21:44,26.0,125102,格上添富,北京格上添富科技发展有限公司,150-500人,朝阳区,本科,不需要融资,"移动互联网,金融",116.460666,39.929746,全职,5-10年,"['绩效奖金', '带薪年假', '午餐补助', '定期体检']"
1330,4410482,高级Python研发工程师,上海,2018-04-19 17:25:00,19.0,132894,上海日玺网络科技有限公司,上海日玺网络科技有限公司,15-50人,浦东新区,本科,天使轮,"移动互联网,O2O",121.59601,31.1873,全职,3-5年,"['年底双薪', '股票期权', '年终分红', '绩效奖金']"
1331,4215426,Python web开发工程师,广州,2018-04-16 10:46:40,10.8,85931,菜鸟窝,广州洋葱头信息科技有限公司,15-50人,天河区,本科,不需要融资,"移动互联网,教育",113.400207,23.12095,全职,3-5年,"['专项奖金', '股票期权', '带薪年假', '绩效奖金']"
1332,3291625,Python研发工程师 (WEB后端),大连,2018-05-02 10:01:59,8.4,132080,悦视光合,悦视光合科技（北京）有限公司,15-50人,高新园区,本科,不需要融资,"移动互联网,企业服务",121.546481,38.88755,全职,不限,[]
1333,15468,Python后端开发工程师,成都,2018-04-27 09:20:00,7.2,3114,云数海量,成都云数海量信息科技有限公司,50-150人,高新区,不限,A轮,"移动互联网,电子商务",104.06294029,30.56887684,全职,1-3年,"['股票期权', '绩效奖金', '五险一金', '带薪年假']"
1334,4395447,python/数据实习生,北京,2018-04-27 11:12:52,5.6,213184,cloudin云英,北京云英传奇技术有限公司,50-150人,朝阳区,本科,A轮,数据服务,116.425158,40.001861,实习,应届毕业生,[]
1335,15468,Python后端开发工程师,成都,2018-04-27 09:20:00,7.2,3114,云数海量,成都云数海量信息科技有限公司,50-150人,高新区,不限,A轮,"移动互联网,电子商务",104.06294029,30.56887684,全职,1-3年,"['股票期权', '绩效奖金', '五险一金', '带薪年假']"
1336,4395447,python/数据实习生,北京,2018-04-27 11:12:52,5.6,213184,cloudin云英,北京云英传奇技术有限公司,50-150人,朝阳区,本科,A轮,数据服务,116.425158,40.001861,实习,应届毕业生,[]
1337,4468032,Python web工程师,大连,2018-04-23 18:05:20,8.8,371572,莫比嗨客,深圳莫比嗨客树莓派智能机器人有限公司,15-50人,高新园区,本科,A轮,移动互联网 硬件,121.516647,38.861778,全职,1-3年,"['""""']"
1338,4508516,Python爬虫工程师,深圳,2018-05-02 17:31:01,13.2,35565,一面数据,深圳市一面网络技术有限公司,15-50人,南山区,本科,A轮,"移动互联网,数据服务",113.940008,22.540521,全职,不限,"['技能培训', '海归精英团队', 'Geek分享', '绩效奖金']"
1339,4503932,Python爬虫工程师,长沙,2018-05-02 09:55:24,8.4,252410,58农服,湖南五八农服信息技术有限公司,50-150人,岳麓区,本科,A轮,移动互联网,112.879169,28.226817,全职,1-3年,"['六险一金', '年底双薪', '加班是必须的', '丰盛的下午茶']"
1340,3897074,高级Python工程师,上海,2018-04-20 10:52:18,24.8,121645,S先生,上海茗日智能科技有限公司,15-50人,黄浦区,本科,天使轮,企业服务,121.490602,31.237767,全职,3-5年,"['人工智能', '影响行业', '技能培训', '岗位晋升']"
1341,4453491,高级python后端,北京,2018-04-19 23:24:36,24.0,369061,夏石科技,北京夏石科技有限责任公司,少于15人,昌平区,本科,天使轮,"企业服务,信息安全",,,全职,5-10年,"['""""']"
1342,4470660,Java讲师/Python讲师/云计算大数据教师,成都,2018-05-02 17:16:45,7.0,152458,五舟汉云,成都五舟汉云科技有限公司,15-50人,高新区,硕士,未融资,"移动互联网,数据服务",103.964679,30.737346,全职,1-3年,[]
1343,4422632,高级Python开发工程师（媒体服务）,北京,2018-04-20 16:24:38,21.0,133,猎豹移动,北京金山网络科技有限公司,500-2000人,朝阳区,本科,上市公司,"移动互联网,信息安全",116.536231,39.931596,全职,3-5年,"['带薪年假', '美女前台', '超赞年终奖', '一公里工作圈']"
1344,4315306,Python开发工程师（服务器后台）,北京,2018-04-12 17:08:13,21.0,175557,便利蜂,便利蜂商贸有限公司,2000人以上,朝阳区,本科,不需要融资,"移动互联网,生活服务",116.448043,39.971134,全职,1-3年,"['弹性工作', '美女多', '帅哥多', '领导好']"
1345,3767896,python后台高级工程师,深圳,2018-04-16 10:05:22,21.0,451,腾讯,腾讯科技(深圳)有限公司,2000人以上,南山区,本科,上市公司,"移动互联网 ,游戏",113.952731,22.535766,全职,3-5年,"['免费班车', '成长空间', '年度旅游', '岗位晋升']"
1346,1349190,Python高级开发工程师,上海,2018-04-28 16:25:10,21.0,51480,饿了么,拉扎斯网络科技（上海）有限公司,2000人以上,普陀区,本科,D轮及以上,移动互联网,121.38328367,31.23367889,全职,3-5年,"['节日礼物', '绩效奖金', '年度旅游', '岗位晋升']"
1347,4117657,Python讲师（兼职）,郑州,2018-04-26 15:56:37,9.0,321472,星辰互联,郑州星辰互联电子科技有限公司,15-50人,中原区,不限,未融资,移动互联网,113.598325,34.747238,全职,3-5年,"['""""']"
1348,1809281,Python高级工程师,上海,2018-04-16 14:43:38,21.0,128840,上海医时,上海医时信息科技有限公司,50-150人,闵行区,不限,A轮,"移动互联网,医疗健康",121.386998,31.169386,全职,1-3年,"['专项奖金', '年底双薪', '美女多', '帅哥多']"
1349,3865718,服务器端 Python 架构师,北京,2018-05-02 10:32:54,33.0,29496,闪银奇异,北京闪银奇异科技有限公司,500-2000人,朝阳区,本科,D轮及以上,"移动互联网,金融",116.466553,39.934441,全职,3-5年,"['13~15薪', '晋升空间大', '定期体检', '能力定薪']"
1350,4155461,高级Python研发工程师,北京,2018-04-29 01:42:42,28.0,327615,金色前程,北京金色前程咨询有限公司,50-150人,丰台区,大专,A轮,"移动互联网,金融",116.386097,39.85035,全职,3-5年,"['""""']"
1351,4223187,Python算法工程师(推荐方向),深圳,2018-04-28 17:56:19,14.4,200377,华策,深圳华策辉弘科技有限公司,50-150人,福田区,本科,未融资,移动互联网,114.063737,22.534231,全职,1-3年,"['绩效奖金', '年终分红', '带薪年假', '五险一金']"
1352,3953842,物联网安全分析C和Python研发人员,北京,2018-04-28 14:48:38,7.6,40970,中科院信工所,中国科学院信息工程研究所,500-2000人,海淀区,硕士,不需要融资,移动互联网,116.23444,39.951428,全职,应届毕业生,"['免费班车', '带薪年假', '绩效奖金', '岗位晋升']"
1353,2932181,Python工程师／机器学习工程师,北京,2018-04-03 13:43:45,20.8,1792,北京布雷恩科技有限公司,北京布雷恩英商务咨询有限公司,15-50人,朝阳区,本科,A轮,企业服务,116.494241,39.972767,全职,1-3年,"['年终分红', '绩效奖金', '专项奖金', '五险一金']"
1354,4002288,python后端开发,长沙,2018-04-30 15:20:33,12.0,294984,长沙孚中,湖南孚中数据科技有限公司,15-50人,岳麓区,本科,天使轮,电子商务,112.95232,28.180886,全职,不限,"['""""']"
1355,3699224,Python 培训讲师,北京,2018-04-23 09:52:20,22.0,242779,景略集智,景略集智(北京)科技有限公司,少于15人,海淀区,本科,天使轮,数据服务、教育,116.308891,39.980691,全职,3-5年,"['人工智能', '在线教育']"
1356,3882640,Python开发工程师（实习）,杭州,2018-04-03 16:29:17,3.4,159245,艾锝,杭州艾锝信息技术有限公司,15-50人,滨江区,本科,不需要融资,"金融,移动互联网",120.139088,30.186623,实习,应届毕业生,"['弹性工作', '扁平管理']"
1357,4110132,Python后端开发工程师,北京,2018-05-02 10:08:47,24.0,145375,柔持英语,柔持（北京）科技有限公司,150-500人,朝阳区,本科,B轮,教育,116.47619,39.986051,全职,1-3年,"['交通补助', '午餐补助', '绩效奖金', '通讯津贴']"
1358,4090460,Python开发助理,上海,2018-05-02 09:31:01,3.8,307679,广州森迪信息科技有限公司,广州森迪信息科技有限公司,150-500人,普陀区,大专,上市公司,"移动互联网,电子商务",121.427142,31.245538,全职,1年以下,"['""""']"
1359,4031217,Python爬虫工程师,北京,2018-05-02 11:32:26,28.0,284128,NewsJet,北京智分科技有限公司,50-150人,海淀区,本科,不需要融资,移动互联网,116.351631,39.977163,全职,1-3年,"['年底双薪', '免费两餐', 'Geek范', '免费健身']"
1360,4198716,高级Python研发工程师（机器学习业务方向）,北京,2018-05-02 10:39:18,22.8,18139,京东集团,北京京东世纪贸易有限公司,2000人以上,朝阳区,本科,上市公司,"电子商务,数据服务",115.99339,39.99426,全职,不限,"['五险一金', '带薪年假', '免费班车', '定期体检']"
1361,4394034,Python后端工程师,上海,2018-04-17 17:18:56,12.0,14825,锐擎,深圳市锐擎信息技术有限公司,少于15人,黄浦区,本科,未融资,"移动互联网,分类信息",121.489094,31.222975,全职,3-5年,"['满一年送期权', '扁平管理', '领导好', '每年出国旅游']"
1362,3833388,Python算法工程师实习生,北京,2018-04-28 10:07:22,2.8,222360,行数通,北京行数通科技有限公司,少于15人,海淀区,本科,天使轮,"移动互联网,数据服务",116.315413,39.983643,实习,应届毕业生,"['股票期权', '午餐补助', '交通补助', '通讯津贴']"
1363,4420032,高级python 开发工程师,北京,2018-04-13 17:49:11,33.0,1686,爱奇艺,北京爱奇艺科技有限公司,2000人以上,海淀区,本科,D轮及以上,"广告营销,文化娱乐",116.313228,39.983752,全职,3-5年,"['绩效奖金', '五险一金', '交通补助', '带薪年假']"
1364,4160573,服务端架构师(PHP&amp;Python),北京,2018-05-02 10:45:31,38.0,34573,省钱快报,北京九州云动科技有限公司,50-150人,东城区,本科,B轮,"移动互联网,电子商务",116.41189961,39.94779526,全职,3-5年,"['技能培训', '专项奖金', '带薪年假', '绩效奖金']"
1365,4453270,编程讲师（python系统班）,北京,2018-04-19 20:50:31,17.0,16799,猿辅导,北京粉笔未来科技有限公司,500-2000人,朝阳区,本科,D轮及以上,"移动互联网,教育",116.4745,39.992592,全职,1-3年,"['股票期权', '年底双薪', '五险一金', '带薪年假']"
1366,4344448,python后端开发工程师（北京海淀区）,北京,2018-05-03 09:07:52,19.0,296175,清影医疗,清影医疗科技(深圳)有限公司,15-50人,海淀区,本科,B轮,"医疗健康,其他",116.335774,39.99468,全职,3-5年,"['交通补助', '五险一金', '餐费补贴', '年假']"
1367,4362715,高级Python WEB工程师（SAAS方向）,北京,2018-05-02 16:32:12,29.0,101211,易美健,易思互动（北京）科技有限公司,50-150人,海淀区,本科,A轮,"金融,医疗健康",116.342273,39.965227,全职,3-5年,"['节日礼物', '扁平管理', '定期体检', '五险一金']"
1368,4439410,Python开发工程师（模拟请求，爬虫方向）,北京,2018-05-02 10:01:55,21.0,19083,博派通达,北京博派通达科技有限公司,50-150人,朝阳区,不限,A轮,"移动互联网,硬件",116.419895,39.976668,全职,3-5年,"['年底双薪', '股票期权', '专项奖金', '带薪年假']"
1369,4139441,java开发、C++开发、python、数据库,南京,2018-04-25 11:08:54,9.6,324999,中电28所,南京电子工程研究所（中国电子科技集团公司第二十八研究所）,2000人以上,秦淮区,本科,不需要融资,"移动互联网,信息安全",118.837195,32.035079,全职,1-3年,"['""""']"
1370,4431467,高级python开发工程师,北京,2018-04-25 09:25:24,12.4,53903,无极慧通,北京无极慧通科技有限公司,50-150人,海淀区,本科,A轮,"医疗健康,数据服务",116.339101,39.970733,全职,不限,"['技能培训', '年底双薪', '岗位晋升', '领导好']"
1371,4458067,Python文案专员,北京,2018-05-02 16:45:47,12.0,100164,千锋教育,北京千锋互联科技有限公司,500-2000人,海淀区,本科,A轮,移动互联网,116.370571,40.037093,全职,1-3年,"['节日礼物', '专项奖金', '股票期权', '带薪年假']"
1372,4032026,GIS平台JAVA工作流与PYTHON脚本高级研发,深圳,2018-05-02 09:41:20,21.0,35996,顺丰科技有限公司,顺丰科技有限公司,500-2000人,南山区,本科,不需要融资,"移动互联网,电子商务",113.937987,22.523392,全职,3-5年,"['技能培训', '节日礼物', '带薪年假', '岗位晋升']"
1373,3359300,家长帮-Python/Django web开发工程师,北京,2018-04-23 13:37:31,26.0,3328,好未来,北京世纪好未来教育科技有限公司,2000人以上,海淀区,本科,上市公司,"移动互联网,教育",116.305591,39.982239,全职,3-5年,"['上市公司', '领军企业', '五险一金', '住福计划']"
1374,2842840,Python开发【实习】,西安,2018-04-16 09:56:45,1.4,174235,极互科技,西安极互云网络科技有限公司,少于15人,高新技术产业开发区,不限,不需要融资,"企业服务,信息安全",108.88647,34.185738,实习,应届毕业生,"['年终分红', '五险一金', '弹性工作', '领导好']"
1375,4205808,Python Web研发工程师,郑州,2018-05-02 09:50:20,9.6,52225,郑州赛欧思科技有限公司,郑州赛欧思科技有限公司,15-50人,高新区,不限,未融资,信息安全,113.566438,34.817421,全职,1-3年,"['年底双薪', '带薪年假', '绩效奖金', '扁平管理']"
1376,4025005,Python后台开发工程师（深圳）,深圳,2018-05-02 08:40:06,12.0,24748,平安科技,平安科技（深圳）有限公司,2000人以上,福田区,本科,不需要融资,金融,114.09938142,22.55951564,全职,不限,"['节日礼物', '年度旅游', '岗位晋升', '技能培训']"
1377,3980799,python 前后台开发,上海,2018-05-02 09:47:21,12.0,22664,kick9 手游平台,上海可九互动网络科技有限公司,50-150人,浦东新区,本科,B轮,"移动互联网,游戏",121.50238,31.239493,全职,3-5年,"['绩效奖金', '五险一金', '节日礼物', '弹性工作']"
1378,4079439,Python高级开发工程师,北京,2018-04-25 19:49:41,17.6,146681,西贝,内蒙古西贝餐饮连锁有限责任公司,2000人以上,朝阳区,本科,不需要融资,其他,,,全职,3-5年,[]
1379,4106244,Python研发工程师（爬虫方向）,杭州,2018-05-02 11:17:39,11.4,18655,大搜车,杭州大搜车汽车服务有限公司,500-2000人,余杭区,本科,D轮及以上,"移动互联网,O2O",120.032401,30.243532,全职,1-3年,"['技能培训', 'Geek', '开放', '扁平管理']"
1380,4260643,Python开发工程师（算法）,北京,2018-04-24 17:11:17,10.8,309884,涵德投资,北京涵德投资管理有限公司,15-50人,海淀区,硕士,未融资,金融,116.330747,39.9947,全职,不限,"['""""']"
1381,4456522,Python工程师（机器学习）,重庆,2018-05-02 11:13:21,4.8,132314,思辨科技,重庆市思辨科技有限公司,15-50人,九龙坡区,本科,未融资,"电子商务,移动互联网",106.493748,29.529654,全职,1年以下,"['年底双薪', '股票期权', '带薪年假', '午餐补助']"
1382,317152,Python实习,广州,2018-05-01 17:35:29,2.8,10909,易工作,广州润普网络科技有限公司,50-150人,天河区,不限,不需要融资,企业服务,113.370887,23.124949,实习,1年以下,"['绩效奖金', '年终分红', '午餐补助', '弹性工作']"
1383,4479659,Python后台工程师（人工智能AI领域）,北京,2018-04-25 13:47:28,28.0,364749,融汇,北京融邦汇聚科技有限公司,15-50人,朝阳区,本科,A轮,移动互联网,116.517303,40.039379,全职,3-5年,"['""""']"
1384,3097351,高级python工程师,西安,2018-04-14 17:58:44,11.2,149331,麻花网络,西安麻花网络技术有限公司,150-500人,高新技术产业开发区,本科,不需要融资,"移动互联网,社交网络",108.840656,34.209171,全职,3-5年,[]
1385,2963885,Python Web 开发,北京,2018-04-09 14:46:12,11.2,68296,中科九章,北京中科九章软件有限公司,15-50人,海淀区,本科,不需要融资,企业服务,116.317964,39.973508,全职,不限,"['带薪年假', '领导好', '定期体检', '通讯津贴']"
1386,3568972,游戏后端Python工程师,北京,2018-05-02 13:28:54,28.0,168716,硬球科技,北京硬球科技有限公司,15-50人,海淀区,本科,不需要融资,"移动互联网,游戏",116.307278,40.035928,全职,5-10年,[]
1387,3703437,人工智能工程师（Python）,深圳,2018-04-27 11:32:42,14.0,211786,脑医生,深圳市铱硙医疗科技有限公司,15-50人,罗湖区,本科,A轮,"医疗健康,数据服务",114.109775,22.539625,全职,1-3年,"['专项奖金', '带薪年假', '领导好', '五险一金']"
1388,4445077,中高级Python工程师,北京,2018-04-18 18:07:04,28.0,127528,投后,上海投后企业管理咨询有限公司,50-150人,海淀区,不限,不需要融资,企业服务,116.333743,39.99236,全职,不限,[]
1389,4381180,python开发高级工程师,上海,2018-04-25 16:10:25,14.0,230826,彩虹鱼海洋环境,上海彩虹鱼海洋环境科技服务有限公司,15-50人,徐汇区,本科,未融资,数据服务,121.424084,31.195289,全职,1-3年,"['弹性工作', '免费班车', '帅哥多', '美女多']"
1390,4508589,高级Python爬虫工程师,深圳,2018-05-02 17:36:27,22.8,35565,一面数据,深圳市一面网络技术有限公司,15-50人,南山区,本科,A轮,"移动互联网,数据服务",113.940008,22.540521,全职,1-3年,"['技能培训', '海归精英团队', 'Geek分享', '绩效奖金']"
1391,4205047,高级Python研发工程师（机器学习业务方向）,北京,2018-04-23 12:08:27,28.0,18139,京东集团,北京京东世纪贸易有限公司,2000人以上,朝阳区,本科,上市公司,"电子商务,数据服务",115.99339,39.99426,全职,不限,"['五险一金', '带薪年假', '免费班车', '定期体检']"
1392,2982539,python游戏服务器开发,深圳,2018-05-02 15:16:12,14.0,9087,趣凡科技,深圳趣凡网络科技有限公司,50-150人,南山区,大专,未融资,"移动互联网,游戏",113.952984,22.537007,全职,1-3年,"['绩效奖金', '股票期权', '年底双薪', '带薪年假']"
1393,4418571,python高级开发工程师（金融数据方向）,北京,2018-05-02 08:55:42,19.0,316918,摹汐咨询,上海摹汐智能科技有限公司,15-50人,朝阳区,本科,天使轮,移动互联网,116.452067,39.914005,全职,3-5年,"['""""']"
1394,4143887,Python工程师实习生,广州,2018-04-25 11:10:44,2.4,160268,医昊网络,广州医昊网络科技有限公司,15-50人,越秀区,大专,天使轮,"移动互联网,医疗健康",113.28273,23.117755,实习,1年以下,"['年底双薪', '绩效奖金', '交通补助', '股票期权']"
1395,4449209,python爬虫开发工程师,广州,2018-04-23 16:54:59,14.0,22069,骆驼服饰,广东骆驼服饰有限公司,500-2000人,白云区,大专,未融资,电子商务,0.0,0.0,全职,1-3年,"['绩效奖金', '带薪年假', '节日礼物', '年度旅游']"
1396,4187229,Python开发工程师助理,上海,2018-04-17 14:22:41,3.8,309456,贝笃科技,上海贝笃网络科技有限公司,150-500人,长宁区,大专,未融资,"移动互联网,电子商务",121.420769,31.192027,全职,应届毕业生,"['""""']"
1397,3949421,后端技术经理（Python web）,北京,2018-05-02 09:26:25,28.0,11209,果壳网,北京果壳互动科技传媒有限公司,150-500人,朝阳区,本科,C轮,"移动互联网,社交网络",116.4712,39.90523,全职,5-10年,"['技能培训', '年度旅游', '岗位晋升', '家庭式三餐']"
1398,3208167,Python后端工程师,西安,2018-04-19 10:10:17,8.4,68941,四叶草安全,西安四叶草信息技术有限公司,50-150人,高新技术产业开发区,本科,A轮,信息安全,108.860814,34.195448,全职,1-3年,"['技能培训', '专项奖金', '股票期权', '绩效奖金']"
1399,4020473,资深 python 工程师,北京,2018-04-07 11:21:06,18.2,300397,北京小白店科技有限公司,北京小白店科技有限公司,15-50人,朝阳区,本科,天使轮,"移动互联网,电子商务",116.48057,39.910341,全职,3-5年,"['""""']"
1400,2228202,python后台开发工程师,深圳,2018-04-25 15:19:04,13.2,74201,观麦科技,深圳市观麦网络科技有限公司,150-500人,南山区,本科,A轮,"电子商务,O2O",113.943061,22.536115,全职,1-3年,"['股票期权', '带薪年假', '绩效奖金', '岗位晋升']"
1401,3688417,Python web开发工程师,上海,2018-05-02 10:54:50,17.0,250586,乐荐,乐荐信息科技（北京）有限公司,150-500人,浦东新区,大专,不需要融资,"移动互联网,企业服务",121.531271,31.223139,全职,1-3年,"['年底双薪', '带薪年假', '定期体检', '年度旅游']"
1402,3145949,棋牌高级python程序员,广州,2018-05-01 09:42:58,22.0,206430,大世科技,广州大世信息科技有限公司,15-50人,天河区,本科,未融资,"移动互联网,游戏",113.326919,23.121304,全职,1-3年,[]
1403,4496472,python服务器,北京,2018-04-28 18:40:54,24.8,2646,途游,在线途游（北京）科技有限公司,150-500人,朝阳区,本科,B轮,"移动互联网,游戏",39.897445,116.331398,全职,3-5年,"['股票期权', '专项奖金', '五险一金', '带薪年假']"
1404,4289542,Python工程师（爬虫）,深圳,2018-04-29 21:51:52,12.0,148452,布谷鸟科技,深圳布谷鸟信息科技有限公司,500-2000人,南山区,本科,不需要融资,"电子商务,移动互联网",113.923803,22.508925,全职,3-5年,"['高颜值公司', '发展潜力大', '美女多', '岗位晋升']"
1405,4238383,Python爬虫工程师,深圳,2018-05-02 14:08:32,21.0,130397,小步网络,深圳小步网络科技有限公司,15-50人,宝安区,本科,B轮,移动互联网,113.871114,22.563133,全职,3-5年,"['股票期权', '定期体检', '下午茶', '年度旅游']"
1406,4324805,python后台开发工程师（深圳/上海）,深圳,2018-04-18 21:47:07,21.0,451,腾讯,腾讯科技(深圳)有限公司,2000人以上,南山区,本科,上市公司,"移动互联网 ,游戏",113.9446,22.548341,全职,3-5年,"['免费班车', '成长空间', '年度旅游', '岗位晋升']"
1407,4411758,高级Python架构师,上海,2018-04-12 15:17:54,38.0,363978,上海菁数,上海菁数信息技术有限公司,15-50人,浦东新区,硕士,不需要融资,"移动互联网,数据服务",121.599501,31.24865,全职,5-10年,"['""""']"
1408,3890441,Python测试工程师,南京,2018-05-02 10:58:22,9.8,16831,武汉佰钧成技术有限公司,武汉佰钧成技术有限责任公司,2000人以上,建邺区,大专,不需要融资,移动互联网,118.724029,32.001584,全职,3-5年,"['带薪年假', '计算机软件', '管理规范', '定期体检']"
1409,3429425,Python后台开发工程师,北京,2018-05-02 10:35:34,14.0,238424,零匙,北京智辉空间科技有限责任公司,50-150人,朝阳区,本科,A轮,移动互联网,116.470871,40.012557,全职,1-3年,[]
1410,3184679,HY2-python后台开发工程师（深圳）,深圳,2018-04-11 14:17:53,22.8,451,腾讯,腾讯科技(深圳)有限公司,2000人以上,南山区,本科,上市公司,"移动互联网 ,游戏",113.9446,22.548341,全职,3-5年,"['免费班车', '成长空间', '年度旅游', '岗位晋升']"
1411,4346378,Python后台开发（风控组）,深圳,2018-05-02 10:13:58,17.2,3956,盖威,深圳市盖威科技有限公司,150-500人,南山区,大专,不需要融资,金融,113.9422,22.54878,全职,3-5年,"['绩效奖金', '五险一金', '交通补助', '带薪年假']"
1412,4321013,python服务器人员,成都,2018-04-18 17:33:28,14.0,277268,随心玩,成都随心玩信息技术有限公司,50-150人,高新区,大专,A轮,"游戏,文化娱乐",104.056073,30.632985,全职,1-3年,[]
1413,4299477,Python 高级Web开发工程师,广州,2018-04-09 16:02:43,13.2,24787,百伦,广州百伦贸易有限公司,150-500人,天河区,本科,不需要融资,电子商务,113.341105,23.17256,全职,1-3年,"['绩效奖金 ', '年底双薪 ', '五险一金 ', '带薪年假 ']"
1414,4507018,Python数据采集项目经理,深圳,2018-05-02 15:28:03,10.0,125824,比特穿越,深圳市比特穿越科技有限公司,15-50人,南山区,大专,天使轮,数据服务,113.941916,22.533957,全职,1-3年,"['绩效奖金', '股票期权', '年终奖', '定期调薪']"
1415,3587253,Python开发运维工程师,深圳,2018-04-28 19:10:06,9.8,17229,惠群数据,深圳市惠群商业数据技术有限公司,15-50人,南山区,大专,天使轮,"移动互联网,社交网络",113.949987,22.550613,全职,1-3年,"['技能培训', '专项奖金', '带薪年假', '绩效奖金']"
1416,4308630,python服务器端开发工程师,广州,2018-04-17 17:39:26,8.8,245803,添昌,上海添昌信息科技有限公司,15-50人,天河区,大专,不需要融资,"移动互联网,游戏",113.372419,23.126445,全职,1-3年,[]
1417,2534340,Python web应用开发程序员,武汉,2018-04-28 10:25:44,14.0,4562,江民,北京江民新科技术有限公司,50-150人,武昌区,本科,未融资,信息安全,114.362683,30.574891,全职,1-3年,"['专项奖金', '带薪年假', '年度旅游', '岗位晋升']"
1418,2156248,PHP/Python数据平台开发,北京,2018-04-27 19:25:32,21.0,107423,瓜子二手车直卖网,车好多旧机动车经纪(北京)有限公司,2000人以上,,本科,C轮,O2O,116.29909497,40.03953506,全职,1-3年,"['带薪年假', '弹性工作', '免费班车', '美女多']"
1419,4452400,Python游戏服务端开发工程师,深圳,2018-04-23 12:07:36,21.0,2646,途游,在线途游（北京）科技有限公司,150-500人,南山区,本科,B轮,"移动互联网,游戏",113.94392,22.549558,全职,3-5年,"['股票期权', '专项奖金', '五险一金', '带薪年假']"
1420,4095823,Python开发工程师(CDN方向),北京,2018-04-11 15:03:06,19.0,66824,SpeedyCloud,北京迅达云成科技有限公司,50-150人,朝阳区,本科,B轮,数据服务,116.49033,39.97426,全职,3-5年,"['节日礼物', '年底双薪', '绩效奖金', '岗位晋升']"
1421,4435081,高级讲师（Python 系统班）,北京,2018-04-17 15:22:55,19.0,16799,猿辅导,北京粉笔未来科技有限公司,500-2000人,朝阳区,本科,D轮及以上,"移动互联网,教育",116.4745,39.992592,全职,1-3年,"['股票期权', '年底双薪', '五险一金', '带薪年假']"
1422,3444686,Python项目经理,北京,2018-05-03 08:26:05,24.8,114259,北京八维研修学院,北京八维研修学院,2000人以上,海淀区,本科,未融资,教育,116.277816,40.042337,全职,5-10年,[]
1423,4184814,Python爬虫软件开发工程师,广州,2018-05-03 08:23:27,3.8,257650,广州玖维信息科技有限公司,广州玖维信息科技有限公司,150-500人,海珠区,大专,上市公司,"移动互联网,数据服务",113.322983,23.096894,全职,1年以下,"['年底双薪', '专项奖金', '年终分红', '带薪年假']"
1424,4355639,Python讲师,合肥,2018-05-02 09:46:48,9.8,184892,睿道科技,合肥睿道信息科技有限公司,50-150人,政务文化新区,大专,未融资,"移动互联网,电子商务",117.232531,31.821027,全职,1-3年,[]
1425,4494085,python助教老师,上海,2018-04-27 15:08:33,8.6,374960,兄弟连,上海桑海教育信息咨询有限公司,50-150人,静安区,大专,上市公司,教育,121.440663,31.293594,全职,1-3年,"['年底双薪', '绩效奖金', '交通补助', '带薪年假']"
1426,4194281,Python全栈工程师,北京,2018-04-27 17:04:55,19.0,59949,融云,北京云中融信网络科技有限公司,150-500人,朝阳区,本科,B轮,"移动互联网,数据服务",116.41716,40.031983,全职,3-5年,"['节日礼物', '期权机会', '带薪年假', '岗位晋升']"
1427,3984845,Python后端架构师,北京,2018-04-17 21:33:35,49.0,3328,好未来,北京世纪好未来教育科技有限公司,2000人以上,海淀区,本科,上市公司,"移动互联网,教育",116.314526,39.982338,全职,5-10年,"['上市公司', '领军企业', '五险一金', '住福计划']"
1428,4483049,Python web programmer,深圳,2018-04-25 18:18:58,14.0,372912,GIB,金乔投资顾问（深圳）有限公司,50-150人,福田区,本科,不需要融资,"电子商务,其他",114.0653,22.523679,全职,3-5年,"['""""']"
1429,3998294,python研发实习生,珠海,2018-04-23 13:41:44,3.8,106925,比量科技珠海公司,深圳市比量科技传媒有限公司珠海分公司,15-50人,香洲区,本科,未融资,"移动互联网,其他",113.55171,22.26985,实习,应届毕业生,"['年底双薪', '带薪年假', '五险一金', '五天八小时']"
1430,4291340,Lead Python/Java Engineer,北京,2018-05-02 19:48:53,38.6,7000,FreeWheel,飞维美地信息技术（北京）有限公司,500-2000人,朝阳区,本科,上市公司,"企业服务,数据服务",116.471469,39.953193,全职,5-10年,"['技能培训', '绩效奖金', '岗位晋升', '领导好']"
1431,3088547,Python爬虫开发工程师,成都,2018-05-02 13:37:00,11.2,169176,亚然科技,成都亚然科技中心,15-50人,锦江区,不限,B轮,移动互联网,104.092154,30.644147,全职,不限,"['带薪年假', '无限量零食', '周末双休', '出国旅游']"
1432,3384358,python后台开发工程师,深圳,2018-04-27 14:33:41,21.0,35996,顺丰科技有限公司,顺丰科技有限公司,500-2000人,南山区,本科,不需要融资,"移动互联网,电子商务",113.940213,22.524499,全职,3-5年,"['技能培训', '节日礼物', '带薪年假', '岗位晋升']"
1433,4450462,python开发（机器学习）-杭州-00676,杭州,2018-05-02 15:14:48,14.0,6502,同盾科技,同盾科技有限公司,500-2000人,余杭区,本科,C轮,"信息安全,数据服务",120.017992,30.280276,全职,3-5年,"['技能培训', '股票期权', '绩效奖金', '岗位晋升']"
1434,4492674,python爬虫工程师,厦门,2018-05-02 15:23:18,17.0,374426,多维树,厦门多维树信息科技有限公司,少于15人,思明区,本科,天使轮,数据服务,118.182556,24.485157,全职,1-3年,"['""""']"
1435,3502999,Python爬虫工程师,成都,2018-04-24 15:18:54,7.6,3628,好房通科技,成都好房通科技股份有限公司,150-500人,高新区,大专,上市公司,电子商务,104.075232,30.539764,全职,1-3年,"['节日礼物', '技能培训', '绩效奖金', '岗位晋升']"
1436,4429927,Python大数据抓取,成都,2018-05-02 11:52:28,14.4,103756,四象联创,成都四象联创科技有限公司,50-150人,郫县,大专,未融资,"移动互联网,金融",103.974536,30.733791,全职,1-3年,"['技能培训', '节日礼物', '带薪年假', '绩效奖金']"
1437,4369257,Python数据开发,北京,2018-04-07 15:08:33,17.0,234728,量子金服,北京量子金服网络科技有限公司,50-150人,朝阳区,硕士,B轮,"金融,数据服务",116.462476,39.928154,全职,1-3年,"['量化交易平台', '六险一金', '年终双薪', '技术大咖']"
1438,4251857,高级Python工程师（NLP方向）,北京,2018-05-02 21:00:19,24.0,9955,学堂在线,北京慕华信息科技有限公司,150-500人,海淀区,本科,B轮,"移动互联网,教育",116.329427,39.99412,全职,5-10年,"['节日礼物', '股票期权', '带薪年假', '氛围轻松']"
1439,4326879,python 开发工程师（机器学习系统）,上海,2018-04-26 11:19:46,19.0,34683,买单侠,上海秦苍信息科技有限公司,500-2000人,浦东新区,本科,C轮,移动互联网、金融,121.531349,31.217794,全职,1-3年,"['美式企业文化', '节日礼物', '股票期权', '岗位晋升']"
1440,4331310,数据分析师（Python）,深圳,2018-04-20 10:53:22,17.2,81372,乾立亨,深圳乾立亨基金管理有限公司,50-150人,福田区,本科,不需要融资,"移动互联网,金融",114.062476,22.534205,全职,3-5年,"['节日礼物', '年底双薪', '带薪年假', '岗位晋升']"
1441,4419088,Python后端工程师,杭州,2018-04-13 16:26:23,14.0,159245,艾锝,杭州艾锝信息技术有限公司,15-50人,滨江区,本科,不需要融资,"金融,移动互联网",,,全职,1-3年,"['弹性工作', '扁平管理']"
1442,4269582,Python爬虫研发工程师,广州,2018-05-02 20:13:29,11.4,589,多益网络,广州多益网络股份有限公司,500-2000人,萝岗区,大专,不需要融资,"移动互联网,游戏",113.505122,23.161058,全职,1-3年,"['扁平化管理', '现象级产品']"
1443,3849137,python爬虫工程师,北京,2018-05-02 19:17:40,23.0,255325,币世界,北京币世界网络科技有限公司,50-150人,朝阳区,本科,天使轮,"移动互联网,金融",116.492246,40.005219,全职,3-5年,[]
1444,3534715,Python讲师,北京,2018-04-17 15:40:48,19.0,22115,兄弟连教育,北京易第优教育咨询有限公司,500-2000人,昌平区,本科,B轮,"移动互联网,招聘",116.32189,40.08087,全职,1-3年,"['绩效奖金', '股票期权', '带薪年假', '年度旅游']"
1445,4181694,Python 实习生,上海,2018-04-14 10:01:55,5.6,152688,上海进记,上海进记网络科技有限公司,少于15人,嘉定区,本科,未融资,"电子商务,移动互联网",121.158487,31.288002,全职,1年以下,[]
1446,4133030,python 后端工程师,北京,2018-04-25 18:32:14,18.4,154445,云京,北京云京科技有限公司,15-50人,朝阳区,本科,不需要融资,"信息安全,企业服务",116.460745,39.915109,全职,1-3年,[]
1447,3612604,Python采集,北京,2018-04-18 15:34:15,21.0,34010,网智天元,北京网智天元科技股份有限公司,150-500人,西城区,本科,上市公司,"金融,数据服务",116.349871,39.93307,全职,应届毕业生,"['节日礼物', '股票期权', '带薪年假', '绩效奖金']"
1448,4434849,Python课程设计,北京,2018-04-17 15:08:23,7.4,364151,Codeus,北京科达思教育科技有限公司,15-50人,海淀区,本科,天使轮,教育 移动互联网,0.0,0.0,全职,应届毕业生,"['""""']"
1449,3502105,Python后台架构师 （后台开发）,深圳,2018-04-16 17:21:31,24.0,29568,铺铺旺,深圳市铺铺旺电子商务有限公司,2000人以上,南山区,本科,未融资,"移动互联网,电子商务",113.993578,22.99368,全职,5-10年,"['弹性工作', '带薪年假', '绩效奖金', '年底双薪']"
1450,4291179,运营开发工程师（Python）,深圳,2018-05-02 10:08:41,21.0,9253,富途证券,富途网络科技（深圳）有限公司,150-500人,南山区,本科,C轮,"移动互联网,金融",39.897445,116.331398,全职,3-5年,"['年底双薪', '腾讯系', '互联网金融', '年度体检']"
1451,4453207,python课程助教,北京,2018-04-19 20:32:08,8.4,16799,猿辅导,北京粉笔未来科技有限公司,500-2000人,朝阳区,本科,D轮及以上,"移动互联网,教育",116.4745,39.992592,全职,1-3年,"['股票期权', '年底双薪', '五险一金', '带薪年假']"
1452,4345986,Python后端工程师,北京,2018-04-16 10:59:17,26.0,35214,Camelia山茶花,北京山茶花科技有限公司,15-50人,朝阳区,本科,A轮,"移动互联网,电子商务",116.482018,39.911658,全职,3-5年,"['节日礼物', '年底双薪', '专项奖金', '股票期权']"
1453,2809946,Python后端开发工程师,北京,2018-04-28 15:34:16,21.0,766,更美APP,北京完美创意科技有限公司,150-500人,朝阳区,本科,C轮,"移动互联网,O2O",116.48057,39.99594,全职,1-3年,"['五险一金', '带薪年假', '定期体检', '岗位晋升']"
1454,4473133,python爬虫工程师,成都,2018-04-27 09:34:09,12.0,204171,成都聚思力信息技术有限公司,成都聚思力信息技术有限公司,500-2000人,高新区,本科,上市公司,"移动互联网,电子商务",104.05558,30.53895,全职,1-3年,[]
1455,3429880,Python研发工程师(爬虫方向),上海,2018-04-23 17:22:43,18.4,17291,PPTV聚力,上海聚力传媒技术有限公司,500-2000人,浦东新区,本科,D轮及以上,文化娱乐,121.531728,31.216657,全职,3-5年,"['技能培训', '绩效奖金', '岗位晋升', '扁平管理']"
1456,4030486,资深Python后端开发/架构师,上海,2018-05-02 09:21:38,26.0,83127,糖小护,糖小护健康科技（上海）有限公司,15-50人,黄浦区,本科,不需要融资,"移动互联网,医疗健康",121.483206,31.235733,全职,5-10年,"['节日礼物', '带薪年假', '管理规范', '领导好']"
1457,4309108,测试开发工程师（Python开发测试框架）,北京,2018-04-09 19:49:02,16.8,5832,新浪微博,微梦创科网络科技（中国）有限公司,2000人以上,海淀区,本科,上市公司,移动互联网,0.0,0.0,全职,3-5年,"['年底双薪', '专项奖金', '股票期权', '五险一金']"
1458,3941907,Python 后台工程师,深圳,2018-04-12 14:26:57,19.0,141569,ViaBTC,愛比特有限公司,15-50人,南山区,本科,A轮,金融,113.925933,22.532829,全职,3-5年,"['年底双薪', '股票期权', '年终分红', '带薪年假']"
1459,4152615,大数据部-Python后台开发实习生,北京,2018-05-02 09:50:15,4.8,3328,好未来,北京世纪好未来教育科技有限公司,2000人以上,海淀区,本科,上市公司,"移动互联网,教育",0.0,0.0,实习,应届毕业生,"['上市公司', '领军企业', '五险一金', '住福计划']"
1460,4429024,AI人工智能+Python开发实习生,武汉,2018-04-16 17:24:19,4.2,343296,粤嵌科技,广州粤嵌通信科技股份有限公司武汉分公司,150-500人,洪山区,大专,上市公司,企业服务,114.355287,30.526426,全职,应届毕业生,"['""""']"
1461,4161273,Python开发(网络爬虫方向),成都,2018-05-01 11:25:28,12.0,158369,中电进出口,中国电子进出口有限公司,500-2000人,高新区,本科,不需要融资,信息安全,0.0,0.0,全职,1-3年,[]
1462,4223947,Python工程师（人工智能方向）,深圳,2018-04-08 15:34:23,11.2,253697,Using.ai,深圳贝尔信息科技有限公司,少于15人,南山区,本科,不需要融资,"企业服务,数据服务",113.943575,22.489146,全职,不限,[]
1463,4096738,Python开发工程师(运营支撑系统方向),北京,2018-04-11 15:03:06,14.0,66824,SpeedyCloud,北京迅达云成科技有限公司,50-150人,朝阳区,本科,B轮,数据服务,116.49033,39.97426,全职,3-5年,"['节日礼物', '年底双薪', '绩效奖金', '岗位晋升']"
1464,4386357,Python 后端开发工程师,上海,2018-04-19 13:01:18,12.0,136671,澳必馥电子商务有限公司,澳必馥（上海）电子商务有限公司,15-50人,徐汇区,本科,A轮,"移动互联网,电子商务",121.452658,31.178184,全职,1-3年,"['股票期权', '交通补助', '带薪年假', '美女多多']"
1465,3863913,Python程序员学徒,广州,2018-04-24 22:32:11,2.4,172089,创拓信息,广州创拓信息科技有限公司,50-150人,番禺区,大专,天使轮,"电子商务,O2O",113.349831,23.007173,全职,不限,"['通讯津贴', '交通补助', '绩效奖金', '专项奖金']"
1466,3893105,python爬虫工程师,北京,2018-05-02 11:15:23,12.4,23398,极课大数据,江苏曲速教育科技有限公司,150-500人,朝阳区,本科,B轮,教育、移动互联网,116.460116,39.957178,全职,1-3年,"['技能培训', '节日礼物', '带薪年假', '绩效奖金']"
1467,4496089,Python爬虫工程师,北京,2018-04-27 18:23:44,28.0,202104,趣头条,上海基分文化传播有限公司,500-2000人,海淀区,大专,不需要融资,移动互联网,0.0,0.0,全职,3-5年,"['专项奖金', '带薪年假', '弹性工作', '管理规范']"
1468,4362726,中级Python WEB工程师（SAAS方向）,北京,2018-05-02 16:32:13,19.0,101211,易美健,易思互动（北京）科技有限公司,50-150人,海淀区,本科,A轮,"金融,医疗健康",116.342273,39.965227,全职,1-3年,"['节日礼物', '扁平管理', '定期体检', '五险一金']"
1469,4496657,python后端,北京,2018-04-27 22:06:10,14.4,368232,旭日神州,北京旭日神州科技有限公司,150-500人,海淀区,本科,未融资,企业服务、信息安全,116.222754,39.956614,全职,3-5年,"['""""']"
1470,4445424,python数据开发,上海,2018-04-18 18:45:23,6.8,30796,菠萝觅,上海酷屏信息技术有限公司,15-50人,闸北区,本科,A轮,移动互联网,121.4422,31.29719,全职,1-3年,"['技能培训', '带薪年假', '帅哥多', '领导好']"
1471,4224433,高级Linux Python工程师,厦门,2018-05-02 16:55:01,14.0,270394,游天科技,厦门游天科技有限公司,15-50人,思明区,大专,未融资,移动互联网,118.194656,24.494659,全职,1-3年,"['年底双薪', '绩效奖金', '带薪年假', '年终分红']"
1472,4374442,python后端工程师,北京,2018-04-04 16:34:17,21.0,227390,柏木科技,北京柏木科技有限公司,15-50人,海淀区,本科,B轮,移动互联网,116.309942,40.056613,全职,1-3年,[]
1473,4341208,中级Python web工程师（SaaS）,北京,2018-05-02 11:40:00,17.0,101211,易美健,易思互动（北京）科技有限公司,50-150人,海淀区,本科,A轮,"金融,医疗健康",116.342295,39.966019,全职,1-3年,"['节日礼物', '扁平管理', '定期体检', '五险一金']"
1474,3906339,python爬虫工程师,深圳,2018-05-02 10:29:52,11.2,119788,汇金智融,汇金智融（北京）科技有限公司,150-500人,南山区,本科,上市公司,"移动互联网,电子商务",113.942937,22.545711,全职,应届毕业生,"['年底双薪', '绩效奖金', '带薪年假', '弹性工作']"
1475,4297218,Python爬虫工程师,北京,2018-05-02 09:24:11,19.0,141803,高思教育集团,北京高思博乐教育科技股份有限公司,2000人以上,海淀区,本科,上市公司,"教育,移动互联网",115.994034,39.993442,全职,3-5年,"['绩效奖金', '带薪年假', '专项奖金', '六险一金']"
1476,4491193,后端python,武汉,2018-04-27 09:40:38,14.0,106054,北京特微特科技发展有限公司,特微特,50-150人,洪山区,本科,不需要融资,"移动互联网,电子商务",114.399044,30.497085,全职,3-5年,[]
1477,4041841,Python后端开发工程师,北京,2018-04-09 09:17:41,17.0,304454,Phantom Tiger人工智能,深圳灵虎至真智能科技有限公司,15-50人,海淀区,本科,天使轮,"移动互联网,数据服务",116.318592,39.980062,全职,1-3年,['人工智能']
1478,4414373,算法应用开发工程师（Python/C++）,厦门,2018-04-24 17:52:17,14.0,19281,欢乐逛,厦门欢乐逛科技股份有限公司,150-500人,思明区,本科,上市公司,"电子商务,企业服务",118.19703,24.48833,全职,不限,"['免费班车', '股票期权', '绩效奖金', '岗位晋升']"
1479,3837485,Python算法工程师（实习）,杭州,2018-04-16 15:48:15,2.8,136993,昇星网络,杭州昇星网络科技有限公司,15-50人,上城区,本科,天使轮,"其他,移动互联网",120.189671,30.230871,实习,应届毕业生,"['黑科技', '弹性工作', '午餐补助', '领导好']"
1480,2921608,数据开发python，nodejs实习生,上海,2018-04-19 17:55:54,3.8,143242,上海青悦,上海闵行区青悦环保信息技术服务中心,少于15人,松江区,不限,不需要融资,数据服务,121.25331,31.092761,实习,应届毕业生,"['绩效奖金', '带薪年假', '定期体检', '环境保护']"
1481,4302717,Python高级工程师 （后台开发）,深圳,2018-04-16 17:21:31,15.2,29568,铺铺旺,深圳市铺铺旺电子商务有限公司,2000人以上,南山区,本科,未融资,"移动互联网,电子商务",113.993578,22.99368,全职,3-5年,"['弹性工作', '带薪年假', '绩效奖金', '年底双薪']"
1482,4269443,Python Web 高级开发工程师,北京,2018-04-16 09:58:09,19.0,69391,聚力创联,北京聚力创联电子商务有限公司,50-150人,朝阳区,本科,天使轮,"移动互联网,电子商务",116.4963,39.912529,全职,1-3年,"['股票期权', '扁平管理', '美女多', '领导好']"
1483,3888684,高级后端工程师（python、Go语言）,深圳,2018-05-02 09:44:48,19.0,76066,晶泰科技,深圳晶泰科技有限公司,50-150人,福田区,本科,B轮,"企业服务,医疗健康",114.022503,22.53472,全职,1-3年,"['节日礼物', '股票期权', '岗位晋升', '扁平管理']"
1484,4444723,python爬虫开发,北京,2018-04-18 17:39:54,26.0,106303,搜狐集团,北京搜狐新媒体信息技术有限公司,2000人以上,海淀区,本科,上市公司,"移动互联网,广告营销",116.325304,39.983363,全职,不限,"['节日礼物', '项目奖金', '弹性工作时间', '15天年假']"
1485,4387043,算法开发实习生（Python方向）,北京,2018-04-27 15:40:38,7.6,240848,小立教育,小立教育科技（北京）有限公司,15-50人,海淀区,本科,天使轮,教育,0.0,0.0,实习,应届毕业生,"['股权期权', '晋升空间', '节日礼物', '免费健身房']"
1486,4299374,Python Web 高级开发工程师,北京,2018-04-09 15:09:59,19.0,69391,聚力创联,北京聚力创联电子商务有限公司,50-150人,朝阳区,本科,天使轮,"移动互联网,电子商务",116.4963,39.912529,全职,1-3年,"['股票期权', '扁平管理', '美女多', '领导好']"
1487,4476809,Python爬虫工程师,深圳,2018-05-02 11:07:11,9.6,125824,比特穿越,深圳市比特穿越科技有限公司,15-50人,南山区,本科,天使轮,数据服务,113.941916,22.533957,全职,1-3年,"['绩效奖金', '股票期权', '年终奖', '定期调薪']"
1488,4095282,资深课程运营（Python方向）,杭州,2018-05-02 09:27:46,17.0,329,网易,网易（杭州）有限公司,2000人以上,滨江区,本科,上市公司,"电子商务,移动互联网",120.192295,30.188393,全职,5-10年,"['节日礼物', '技能培训', '免费班车', '带薪年假']"
1489,4049901,高级Python爬虫工程师,深圳,2018-04-28 10:58:36,48.0,84086,笨鸟社交,厦门笨鸟电子商务有限公司,150-500人,南山区,本科,B轮,企业服务,0.0,0.0,全职,5-10年,"['高新企业', '扁平管理', '五险一金', '股票期权']"
1490,3917853,Python测试开发工程师,深圳,2018-04-08 17:55:59,21.0,6927,OPPO,广东欧珀移动通信有限公司,2000人以上,南山区,本科,不需要融资,移动互联网,113.94304363,22.51878473,全职,不限,"['丰厚年终', '扁平管理', '追求极致', '本分']"
1491,4130493,Python爬虫工程师,上海,2018-05-02 11:21:30,21.0,163790,探知数据,上海勃池信息技术有限公司,50-150人,静安区,本科,天使轮,"金融,数据服务",121.472214,31.240835,全职,3-5年,"['股票期权', '扁平管理', '岗位晋升', '五险一金']"
1492,4428957,Python人工智能开发实习生/专业不限,武汉,2018-04-16 17:20:46,4.2,343296,粤嵌科技,广州粤嵌通信科技股份有限公司武汉分公司,150-500人,洪山区,大专,上市公司,企业服务,114.355287,30.526426,全职,应届毕业生,"['""""']"
1493,4359294,python 后端开发实习生,广州,2018-04-06 22:57:34,2.8,122322,纳指电子,广州纳指电子科技有限公司,15-50人,番禺区,本科,不需要融资,"移动互联网,企业服务",113.386434,23.056892,实习,应届毕业生,"['扁平管理', '技能培训', '弹性工作', '绩效奖金']"
1494,4328894,Python爬虫工程师,广州,2018-05-02 17:18:54,21.0,250149,哆啦科技,广州哆啦信息科技有限公司,50-150人,海珠区,本科,A轮,"电子商务,移动互联网",113.314738,23.096588,全职,不限,"['年底双薪', '股票期权', '午餐补助', '扁平管理']"
1495,4367313,python数据工程师,杭州,2018-04-25 10:26:40,12.0,30397,追灿科技,杭州追灿科技有限公司,15-50人,西湖区,本科,未融资,"企业服务,数据服务",120.109931,30.267412,全职,1-3年,"['节日礼物', '专项奖金', '股票期权', '绩效奖金']"
1496,2296582,Python数据挖掘,青岛,2018-05-02 18:48:26,7.0,123744,房产，移动互联网，金融。,青岛永嘎科技有限公司,少于15人,市北区,本科,未融资,"移动互联网,O2O",120.36202,36.078407,全职,1-3年,[]
1497,3736248,大数据部-Python后台开发实习生,北京,2018-05-02 09:50:14,4.8,3328,好未来,北京世纪好未来教育科技有限公司,2000人以上,海淀区,本科,上市公司,"移动互联网,教育",116.313701,39.978427,实习,不限,"['上市公司', '领军企业', '五险一金', '住福计划']"
1498,4365058,手游服务器开发 python优先,深圳,2018-04-28 10:24:47,14.0,161951,宇斯盾科技有限公司,深圳市宇斯盾科技有限公司,50-150人,南山区,不限,不需要融资,游戏,113.93475,22.542768,全职,1-3年,[]
1499,4393348,Python爬虫工程师,徐州,2018-04-10 10:00:25,6.2,329215,赚客科技,徐州赚客信息科技有限公司,15-50人,云龙区,不限,天使轮,移动互联网 不限,117.19262,34.250311,全职,不限,"['""""']"
1500,4147642,Python 实验设计师实习生,成都,2018-04-23 13:47:32,3.4,23007,实验楼,成都琛石科技有限公司,15-50人,高新区,本科,A轮,"教育,数据服务",0.0,0.0,实习,应届毕业生,"['绩效奖金', '专项奖金', '带薪年假', '弹性工作']"
1501,4458587,python棋牌游戏开发,长沙,2018-04-20 17:32:06,14.0,22631,柚子网络,长沙柚子网络科技有限公司,15-50人,岳麓区,本科,未融资,企业服务,112.861568,28.201891,全职,3-5年,[]
1502,4499141,资深Python爬虫工程师,广州,2018-05-02 17:18:52,26.0,250149,哆啦科技,广州哆啦信息科技有限公司,50-150人,海珠区,本科,A轮,"电子商务,移动互联网",113.314738,23.096588,全职,3-5年,"['年底双薪', '股票期权', '午餐补助', '扁平管理']"
1503,3832555,python自动化运维 讲师,北京,2018-04-08 11:14:02,16.8,6040,慕课网,北京奥鹏远程教育中心有限公司,50-150人,海淀区,本科,不需要融资,"移动互联网,教育",116.314673,39.956947,兼职,3-5年,"['节日礼物', '技能培训', '节日礼品卡', '月度团建']"
1504,4408950,后台系统开发及维护（python方向）,南京,2018-04-12 10:43:36,12.0,312364,汇鸿汇升投资,江苏汇鸿汇升投资管理有限公司,50-150人,秦淮区,本科,上市公司,金融,118.79114,32.034639,全职,1-3年,"['""""']"
1505,4428972,急招Python人工智能开发助理,武汉,2018-04-16 17:21:41,4.2,343296,粤嵌科技,广州粤嵌通信科技股份有限公司武汉分公司,150-500人,洪山区,大专,上市公司,企业服务,114.355287,30.526426,全职,应届毕业生,"['""""']"
1506,4239350,Python高级爬虫工程师,北京,2018-05-02 19:17:41,23.0,255325,币世界,北京币世界网络科技有限公司,50-150人,朝阳区,本科,天使轮,"移动互联网,金融",116.492246,40.005219,全职,3-5年,[]
1507,4226232,Python爬虫工程师-北京-00089,北京,2018-04-28 17:23:36,19.0,27520,智慧树,北京环宇万维科技有限公司,150-500人,朝阳区,本科,B轮,移动互联网,116.51845699,39.92646396,全职,1-3年,"['团队给力', '行业第一', '带薪年假', '午餐补助']"
1508,4308642,量化工程师（Python、C#）,杭州,2018-05-02 11:26:26,28.0,170794,鸿略,浙江鸿略信息科技有限公司,50-150人,滨江区,本科,A轮,"金融,移动互联网",120.216039,30.220352,全职,1-3年,"['绩效奖金', '带薪年假', '交通补助', '午餐补助']"
1509,4495080,python游戏后端开发工程师,深圳,2018-04-27 16:39:53,14.0,374228,蓝讯科技,深圳市蓝讯网络科技有限公司,15-50人,南山区,大专,未融资,游戏 移动互联网,113.939,22.523275,全职,不限,"['""""']"
1510,2648783,科学计算软件开发工程师（ Python、C/C++、Fortran）,深圳,2018-05-02 09:44:50,19.0,76066,晶泰科技,深圳晶泰科技有限公司,50-150人,福田区,本科,B轮,"企业服务,医疗健康",114.022503,22.53472,全职,3-5年,"['节日礼物', '股票期权', '岗位晋升', '扁平管理']"
1511,4434866,Python课程设计,北京,2018-04-17 15:09:31,7.4,364151,Codeus,北京科达思教育科技有限公司,15-50人,海淀区,本科,天使轮,教育 移动互联网,0.0,0.0,全职,不限,"['""""']"
1512,4493698,python爬虫工程师,天津,2018-04-27 14:33:22,10.0,353974,甲壳虫大数据,甲壳虫（天津）大数据服务有限公司,15-50人,西青区,本科,未融资,"企业服务,数据服务",117.089644,39.100868,全职,1-3年,"['""""']"
1513,2517556,服务器后端开发（C++、Python）,哈尔滨,2018-05-02 11:18:32,5.8,38414,安天,哈尔滨安天科技股份有限公司,500-2000人,,不限,未融资,信息安全,,,全职,1-3年,"['工程师文化', '年底双薪', '专项奖金', '免费班车']"
1514,4481949,Linux系统下python脚本开发,北京,2018-04-25 16:47:35,12.0,58173,中国电信系统集成公司,中国电信集团系统集成有限责任公司,500-2000人,西城区,本科,上市公司,"移动互联网,数据服务",116.368024,39.940059,全职,1年以下,"['技能培训', '节日礼物', '专项奖金', '带薪年假']"
1515,4084216,极光调研 -数据工程师 (Java/Python),深圳,2018-05-02 13:56:43,21.0,917,极光,深圳市和讯华谷信息技术有限公司,150-500人,南山区,本科,D轮及以上,"移动互联网,数据服务",113.907458,22.550007,全职,3-5年,"['五险一金', '文体活动', '团建旅游', '美味晚餐']"
1516,4002110,Python爬虫工程师,北京,2018-04-18 10:25:04,29.0,124962,麦达数字,深圳市麦达数字股份有限公司,500-2000人,朝阳区,本科,上市公司,"企业服务,数据服务",116.488635,40.003335,全职,3-5年,"['股票期权', '绩效奖金', '带薪年假', '定期体检']"
1517,4329679,python游戏服务端高级技术,深圳,2018-04-03 09:46:43,16.8,2646,途游,在线途游（北京）科技有限公司,150-500人,南山区,本科,B轮,"移动互联网,游戏",113.944081,22.54882,全职,不限,"['股票期权', '专项奖金', '五险一金', '带薪年假']"
1518,2478984,实习生（python 数据处理工程师）,上海,2018-05-02 13:21:25,7.0,144726,上海时来,上海时来信息科技有限公司,15-50人,长宁区,本科,天使轮,"金融,数据服务",120.993464,30.994061,实习,应届毕业生,[]
1519,1905100,运营开发工程师（Python）,深圳,2018-05-02 10:08:41,21.0,9253,富途证券,富途网络科技（深圳）有限公司,150-500人,,本科,C轮,"移动互联网,金融",113.93548253,22.51856249,全职,1-3年,"['年底双薪', '腾讯系', '互联网金融', '年度体检']"
1520,3578885,python测试实习生（西安）,西安,2018-05-02 10:17:04,2.8,30648,绿盟科技,北京神州绿盟信息安全科技股份有限公司,500-2000人,雁塔区,本科,上市公司,信息安全,108.86853,34.195473,实习,不限,"['技能培训', '节日礼物', '股票期权', '带薪年假']"
1521,2703608,Python爬虫工程师,广州,2018-05-02 11:15:11,9.6,22708,迪奥科技,广州迪奥信息科技有限公司,15-50人,天河区,本科,A轮,"O2O,数据服务",113.414854,23.167158,全职,1-3年,"['年终分红', '绩效奖金', '股票期权', '专项奖金']"
1522,3082277,Python开发工程师(爬虫方向),北京,2018-05-02 11:56:58,21.0,147666,未来安全,北京未来安全信息技术有限公司,15-50人,朝阳区,本科,不需要融资,信息安全,116.481125,39.996938,全职,3-5年,"['信息安全', '年底双薪', '带薪年假', '年度旅游']"
1523,4128893,Python辅导老师－编程教育方向,北京,2018-04-06 17:54:26,8.2,16799,猿辅导,北京粉笔未来科技有限公司,500-2000人,朝阳区,本科,D轮及以上,"移动互联网,教育",116.4745,39.992592,全职,1-3年,"['股票期权', '年底双薪', '五险一金', '带薪年假']"
1524,4395493,python web service 开发,杭州,2018-04-10 13:29:47,19.0,354668,Lokation,高树安弗（杭州）科技有限公司,15-50人,滨江区,本科,天使轮,移动互联网,120.223804,30.208392,全职,1-3年,"['午餐补助', '通讯津贴', '专项奖金', '节日礼物']"
1525,2404757,后端开发工程师（Node\Python\Ruby）,北京,2018-04-28 10:09:48,19.0,98197,Moka,北京希瑞亚斯科技有限公司,50-150人,海淀区,本科,A轮,企业服务,116.313161,39.984635,全职,3-5年,"['节日礼物', '股票期权', '扁平管理', '领导好']"
1526,4372352,python爬虫工程师,上海,2018-05-02 11:38:04,11.2,114396,游达网络,上海游达网络科技有限公司,15-50人,浦东新区,本科,未融资,"移动互联网,游戏",121.60522,31.178281,全职,3-5年,[]
1527,4204207,15575-王者荣耀社交产品python开发工程师,成都,2018-04-11 14:17:52,21.0,451,腾讯,腾讯科技(深圳)有限公司,2000人以上,高新区,本科,上市公司,"移动互联网 ,游戏",104.063403,30.547715,全职,3-5年,"['免费班车', '成长空间', '年度旅游', '岗位晋升']"
1528,2585597,Python爬虫开发工程师,北京,2018-05-02 20:21:26,19.0,142592,Stratifyd,北京斯图飞腾科技有限公司,15-50人,朝阳区,本科,A轮,数据服务,116.451487,39.919755,全职,3-5年,"['弹性工作', '扁平管理', '五险一金', '朝阳行业']"
1529,4295603,大数据开发工程师（中高级）（python/c++）,北京,2018-04-28 14:03:02,28.0,5832,新浪微博,微梦创科网络科技（中国）有限公司,2000人以上,海淀区,本科,上市公司,移动互联网,116.30920139,39.98291734,全职,1-3年,"['年底双薪', '专项奖金', '股票期权', '五险一金']"
1530,4108681,python游戏服务端开发工程师,北京,2018-04-24 18:24:34,21.0,2646,途游,在线途游（北京）科技有限公司,150-500人,朝阳区,本科,B轮,"移动互联网,游戏",116.41752,40.02321,全职,不限,"['股票期权', '专项奖金', '五险一金', '带薪年假']"
1531,4116732,服务器后端开发工程师（C++/Python）,哈尔滨,2018-04-23 10:05:52,7.0,38414,安天,哈尔滨安天科技股份有限公司,500-2000人,松北区,不限,未融资,信息安全,126.512372,45.797877,全职,不限,"['工程师文化', '年底双薪', '专项奖金', '免费班车']"
1532,4060539,python爬虫工程师,北京,2018-05-02 15:37:35,21.0,72106,蛋壳公寓,紫梧桐（北京）资产管理有限公司,2000人以上,朝阳区,本科,B轮,O2O,116.438432,39.922766,全职,不限,"['技能培训', '年底双薪', '股票期权', '带薪年假']"
1533,4475434,golang开发（C++/python转也可）,上海,2018-05-02 11:39:11,19.0,202104,趣头条,上海基分文化传播有限公司,500-2000人,浦东新区,本科,不需要融资,移动互联网,121.624653,31.226515,全职,1-3年,"['专项奖金', '带薪年假', '弹性工作', '管理规范']"
1534,3721063,Web后端开发工程师（Python）,广州,2018-04-23 10:19:29,7.4,177489,殷赋科技,广州市殷赋信息科技有限公司,少于15人,番禺区,本科,未融资,"数据服务,企业服务",113.334469,22.991675,全职,1-3年,"['绩效奖金', '带薪年假', '交通补助', '午餐补助']"
1535,3100347,Java/Python/C++/Go-P7-阿里云,杭州,2018-05-02 09:00:59,33.0,153849,蚂蚁金服集团,支付宝(杭州)信息技术有限公司,2000人以上,余杭区,本科,B轮,"金融,移动互联网",120.026208,30.279212,全职,3-5年,"['年底双薪', '带薪年假', '股票期权', '绩效奖金']"
1536,4329034,大数据工程师（3年+，会java、python）,广州,2018-04-27 16:39:34,19.0,16831,武汉佰钧成技术有限公司,武汉佰钧成技术有限责任公司,2000人以上,天河区,本科,不需要融资,移动互联网,0.0,0.0,全职,3-5年,"['带薪年假', '计算机软件', '管理规范', '定期体检']"
1537,4251954,软件开发工程师(Python/Golang),杭州,2018-04-17 08:56:18,13.0,27211,米阳科技,杭州米阳科技有限公司,50-150人,拱墅区,大专,不需要融资,"移动互联网,电子商务",120.114008,30.336956,全职,3-5年,"['年终分红', '年底双薪', '专项奖金', '绩效奖金']"
1538,3919605,Python爬虫实习生,深圳,2018-05-02 11:07:11,3.8,125824,比特穿越,深圳市比特穿越科技有限公司,15-50人,南山区,本科,天使轮,数据服务,113.941916,22.533957,实习,应届毕业生,"['绩效奖金', '股票期权', '年终奖', '定期调薪']"
1539,4490091,后端开发（Golang或Python）,北京,2018-04-26 18:12:23,17.0,300257,新元创（天津）知识产权服务有限公司,新元创（天津）知识产权服务有限公司,150-500人,朝阳区,本科,不需要融资,金融 企业服务,116.449059,39.925009,全职,1-3年,"['""""']"
1540,4122474,软件架构工程师 PHP Python ubuntu,西安,2018-05-02 11:46:34,11.0,282562,VMAXX,维视科技（西安）有限公司,15-50人,曲江新区,本科,A轮,移动互联网,109.014749,34.209115,全职,5-10年,[]
1541,3733953,高级软件工程师（算法/c++/go/python）,北京,2018-05-02 12:14:56,35.0,142941,网录科技,北京网录科技有限公司,50-150人,海淀区,本科,不需要融资,"金融,数据服务",116.323585,39.964647,全职,3-5年,"['股票期权', '午餐补助', '节日礼物', '弹性工作']"
1542,4447266,市场经理（Python编程量化投资教育）,深圳,2018-04-19 10:32:15,7.8,118281,新格,深圳市南国新格网络科技有限责任公司,少于15人,南山区,本科,天使轮,"金融,移动互联网",113.912553,22.51129,全职,1-3年,"['股票期权', '绩效奖金', '年终分红', '弹性工作']"
1543,4402446,Python全栈开发企业委培生,上海,2018-04-11 11:54:42,9.6,148486,慧谷培训,上海慧谷职业技能培训中心,50-150人,徐汇区,本科,未融资,"教育,企业服务",121.432296,31.196393,全职,应届毕业生,"['专项奖金', '年终分红', '绩效奖金', '年底双薪']"
1544,4410744,Python 工程师 后端（SEO经验者优先）,上海,2018-04-26 08:45:59,8.4,30169,担路网,上海担路网络科技有限公司,15-50人,松江区,本科,未融资,"移动互联网,企业服务",121.309643,31.114116,全职,不限,"['年终分红', '交通补助', '定期体检', '绩效奖金']"
1545,4142616,高级软件开发工程师（Java/Python）,天津,2018-04-23 16:45:12,14.0,141416,图趣科技,上海图趣信息科技有限公司,15-50人,和平区,本科,A轮,移动互联网,117.215233,39.118357,全职,3-5年,"['股票期权', '绩效奖金', '弹性工作', '牛人导师']"
1546,3703802,服务端开发工程师 (go/php/python),珠海,2018-04-25 09:52:08,19.0,7835,金山办公软件,北京金山软件有限公司,2000人以上,香洲区,大专,上市公司,移动互联网,113.572701,22.242808,全职,不限,"['年底双薪', '节日礼物', '技能培训', '绩效奖金']"
1547,4129965,爬虫工程师（python）,北京,2018-05-02 16:50:23,14.0,17713,荣之联,北京荣之联科技股份有限公司,500-2000人,朝阳区,本科,上市公司,"企业服务,数据服务",0.0,0.0,全职,3-5年,"['绩效奖金', '五险一金', '通讯津贴', '带薪年假']"
1548,4417744,物联网安全分析Python实习生,北京,2018-04-28 14:48:47,2.4,40970,中科院信工所,中国科学院信息工程研究所,500-2000人,海淀区,本科,不需要融资,移动互联网,116.23444,39.951428,实习,应届毕业生,"['免费班车', '带薪年假', '绩效奖金', '岗位晋升']"
1549,4232646,包你说后端开发工程师（Python、Java）,广州,2018-05-02 17:37:18,12.0,249794,布里吉科技,广州布里吉信息科技有限公司,15-50人,番禺区,本科,未融资,移动互联网,113.386402,23.056729,全职,1-3年,"['股票期权', '年终分红', '带薪年假', '定期体检']"
1550,4164900,区块链 python 后台工程师,上海,2018-04-28 17:07:14,21.0,328296,U mine,上海彼脉网络信息科技有限公司,15-50人,闵行区,本科,不需要融资,"数据服务,硬件",121.40534,31.054448,全职,1-3年,"['""""']"
1551,4473863,python爬虫工程师（接受转方向）,武汉,2018-04-28 10:38:30,10.8,171425,一网,一网推（江苏）网络技术有限公司,50-150人,洪山区,本科,未融资,"企业服务,广告营销",114.423824,30.504023,全职,1年以下,[]
1552,4371325,Python全栈工程师,深圳,2018-04-10 09:33:34,10.8,36677,科达洁能,广东科达洁能股份有限公司,2000人以上,福田区,本科,上市公司,"移动互联网 ,企业服务",0.0,0.0,全职,1-3年,"['专项奖金', '带薪年假', '定期体检', '年度旅游']"
1553,4092968,社区服务端开发工程师(c++/python),深圳,2018-05-02 10:08:40,28.0,9253,富途证券,富途网络科技（深圳）有限公司,150-500人,南山区,本科,C轮,"移动互联网,金融",113.94437,22.547395,全职,3-5年,"['年底双薪', '腾讯系', '互联网金融', '年度体检']"
1554,4363086,Python爬虫工程师,广州,2018-05-02 11:01:04,7.0,309580,盟讯科技,广东盟讯科技有限公司,15-50人,番禺区,大专,不需要融资,"移动互联网,其他",113.31325,23.036501,全职,1-3年,"['年底双薪', '专项奖金', '带薪年假', '午餐补助']"
1555,1131161,后端node.js开发工程师（python ruby）,北京,2018-04-28 10:09:47,24.8,98197,Moka,北京希瑞亚斯科技有限公司,50-150人,海淀区,本科,A轮,企业服务,116.313161,39.984635,全职,不限,"['节日礼物', '股票期权', '扁平管理', '领导好']"
1556,4106039,后端开发工程师（go/python/php),北京,2018-04-11 09:11:35,21.0,166829,小狗机器人,广州小狗机器人技术有限公司北京分公司,150-500人,朝阳区,本科,不需要融资,硬件,116.460635,39.89671,全职,3-5年,"['绩效奖金', '领导好', '扁平管理', '五险一金']"
1557,4438157,python数据分析,北京,2018-04-17 20:32:06,19.0,338143,首跃科技,北京首跃科技有限公司,50-150人,朝阳区,本科,未融资,"移动互联网,电子商务",116.455049,39.914847,全职,3-5年,"['""""']"
1558,4281442,服务器端高级研发工程师(PHP/Python),北京,2018-04-08 11:10:55,22.0,178311,PUPUPULA,北京小魔怪科技有限公司,少于15人,朝阳区,本科,不需要融资,其他,116.481049,39.996796,全职,3-5年,"['定期体检', '弹性工作', '扁平管理', '五险一金']"
1559,4491523,Python爬虫,深圳,2018-05-02 10:02:35,9.6,29950,华强聚丰电子,深圳华强聚丰电子科技有限公司,150-500人,福田区,大专,A轮,"移动互联网,电子商务",114.048561,22.562645,全职,1-3年,"['节日礼物', '年底双薪', '专项奖金', '带薪年假']"
1560,4464104,python爬虫开发工程师,深圳,2018-04-23 12:12:40,21.0,212294,巅峰电竟,深圳市巅峰电竟信息技术有限公司,15-50人,南山区,本科,A轮,"移动互联网,游戏",113.949342,22.54183,全职,3-5年,"['年底双薪', '带薪年假', '绩效奖金', '交通补助']"
1561,4461197,c++/Python/Go......,北京,2018-05-02 13:34:32,38.0,59251,映客,北京蜜莱坞网络科技有限公司,500-2000人,朝阳区,本科,C轮,"移动互联网,文化娱乐",116.487867,39.999765,全职,3-5年,"['年底双薪', '专项奖金', '股票期权', '带薪年假']"
1562,4414255,资深Python工程师（爬虫/自动化运维方向）,北京,2018-04-12 18:58:21,24.0,211004,视觉互联,北京视觉互联科技有限公司,50-150人,朝阳区,本科,不需要融资,移动互联网,116.491198,39.977856,全职,3-5年,[]
1563,4456013,python爬虫,杭州,2018-04-20 13:24:38,22.0,369842,Oroo,温州太阳伞科技有限公司,少于15人,滨江区,本科,天使轮,移动互联网 社交网络,120.198635,30.170528,全职,3-5年,"['""""']"
1564,2519731,Python爬虫工程师,北京,2018-05-02 11:51:26,19.0,22257,WIFIPIX无限向溯,北京无限向溯科技有限公司,50-150人,朝阳区,本科,B轮,"移动互联网,硬件",116.38333637,40.00839181,全职,3-5年,"['岗位晋升', '扁平管理', '美女多', '弹性工作']"
1565,4246723,Unix工程师（java/python/全英面试）,广州,2018-05-02 17:02:38,18.2,50241,Symbio-Freeborders,信必优(深圳)信息技术有限公司,2000人以上,天河区,本科,未融资,"移动互联网,电子商务",113.332464,23.134217,全职,5-10年,"['节日礼物', '年底双薪', '带薪年假', '年度旅游']"
1566,4226049,后端高级研发负责人（php、python、go）,北京,2018-05-02 10:05:14,25.2,81107,一亩田,北京一人一亩田网络科技有限公司,150-500人,海淀区,本科,C轮,"移动互联网,电子商务",116.359972,40.039972,全职,3-5年,"['节日礼物', '年底双薪', '专项奖金', '股票期权']"
1567,3418386,JAVA/Python/C/C++/.net阿里云,杭州,2018-05-02 09:00:59,35.0,153849,蚂蚁金服集团,支付宝(杭州)信息技术有限公司,2000人以上,余杭区,本科,B轮,"金融,移动互联网",120.026208,30.279212,全职,3-5年,"['年底双薪', '带薪年假', '股票期权', '绩效奖金']"
1568,4330713,开发工程师（Java/Python）,北京,2018-05-02 11:39:41,14.0,62565,梦想旅行,北京梦想智联科技有限公司,15-50人,朝阳区,本科,A轮,移动互联网,116.414369,40.02367,全职,应届毕业生,"['股票期权', '绩效奖金', '扁平管理', '年底双薪']"
1569,4185048,Python爬虫工程师,广州,2018-04-26 21:32:18,7.6,320877,一一科技,广州一一科技有限公司,15-50人,荔湾区,不限,不需要融资,"移动互联网,企业服务",113.245728,23.090287,全职,1-3年,"['年底双薪', '绩效奖金', '弹性工作', '扁平管理']"
1570,4155435,大数据部-Python爬虫工程师,北京,2018-05-02 09:50:14,4.8,3328,好未来,北京世纪好未来教育科技有限公司,2000人以上,海淀区,本科,上市公司,"移动互联网,教育",0.0,0.0,实习,应届毕业生,"['上市公司', '领军企业', '五险一金', '住福计划']"
1571,4412495,C/C++C#/Python开发工程师（微软）,北京,2018-05-03 09:07:13,10.4,189022,微创,上海微创软件股份有限公司北京分公司,2000人以上,海淀区,本科,上市公司,"移动互联网,电子商务",116.31028,39.979366,全职,不限,"['年底双薪', '绩效奖金', '免费班车', '节日礼物']"
1572,3425991,python 爬虫工程师,杭州,2018-04-17 16:08:03,20.8,32828,凡闻,杭州凡闻科技有限公司,50-150人,西湖区,本科,B轮,移动互联网,120.060916,30.247446,全职,1-3年,"['期权激励', '年度旅游', '岗位晋升', '领导好']"
1573,4415462,高级软件开发工程师（Python/C/C++）,北京,2018-04-13 10:08:16,24.0,85646,中创信测,北京中创信测科技股份有限公司,500-2000人,海淀区,本科,上市公司,移动互联网,116.325291,39.953282,全职,1-3年,"['技能培训', '节日礼物', '年底双薪', '带薪年假']"
1574,4462811,python爬虫工程师,深圳,2018-04-23 10:32:01,21.0,353805,电竞风暴,深圳电竞风暴科技有限公司,50-150人,南山区,本科,天使轮,移动互联网 数据服务,113.949342,22.54183,全职,3-5年,"['""""']"
1575,3978549,数据挖掘工程师（python）,重庆,2018-04-09 09:59:42,8.6,110802,江小白,重庆江小白品牌管理有限公司,500-2000人,渝北区,大专,不需要融资,"电子商务,移动互联网",106.50138,29.61541,全职,1-3年,"['带薪年假', '专项奖金', '午餐补助', '定期体检']"
1576,3108134,Python爬虫工程师,南京,2018-04-24 10:25:41,12.0,151270,创数科技,南京创数信息科技有限公司,50-150人,雨花台区,大专,未融资,"移动互联网,数据服务",118.780914,31.981348,全职,3-5年,[]
1577,3491328,区块链技术开发工程师（go，c++，Python）,杭州,2018-04-17 14:50:28,28.0,116030,复杂美科技,杭州复杂美科技有限公司,50-150人,滨江区,本科,不需要融资,金融,120.1432,30.178776,全职,3-5年,"['带薪年假', '专项奖金', '弹性工作', '扁平管理']"
1578,4002672,C++/Python/QT软件工程师,南京,2018-05-02 11:27:55,16.8,289076,深圳思力科,思力科（深圳）电子科技有限公司,50-150人,秦淮区,本科,不需要融资,"数据服务,硬件",118.863316,32.020124,全职,1-3年,"['年底双薪', '专项奖金', '股票期权', '带薪年假']"
1579,4109564,Python(爬虫）开发工程师,上海,2018-04-16 11:43:13,12.0,302531,MyToken.io,上海哈希信息科技有限公司,15-50人,徐汇区,不限,天使轮,移动互联网,121.437836,31.177242,全职,1-3年,"['定期体检', '弹性工作', '扁平管理', '美女多']"
1580,3802341,高级服务端工程师（Python / Golang / PHP）,北京,2018-05-02 10:45:30,21.0,34573,省钱快报,北京九州云动科技有限公司,50-150人,东城区,本科,B轮,"移动互联网,电子商务",116.41189961,39.94779526,全职,1-3年,"['技能培训', '专项奖金', '带薪年假', '绩效奖金']"
1581,2866757,python爬虫工程师,合肥,2018-04-08 14:41:09,6.2,53855,合肥火车头,合肥乐维信息技术有限公司,15-50人,蜀山区,大专,不需要融资,"移动互联网,数据服务",117.152011,31.865269,全职,1-3年,"['年底双薪', '节日礼物', '技能培训', '绩效奖金']"
1582,4275958,云平台研发（C++，Python，JAVA ),上海,2018-05-03 09:26:49,17.0,205106,清鹤科技,上海清鹤科技股份有限公司,150-500人,浦东新区,本科,上市公司,移动互联网,121.62628,31.212739,全职,3-5年,"['专项奖金', '绩效奖金', '股票期权', '午餐补助']"
1583,3909132,云平台开发（python/Golang/C++),北京,2018-04-27 19:25:32,26.0,107423,瓜子二手车直卖网,车好多旧机动车经纪(北京)有限公司,2000人以上,海淀区,本科,C轮,O2O,116.29909497,40.03953506,全职,3-5年,"['带薪年假', '弹性工作', '免费班车', '美女多']"
1584,4421019,"后台开发工程师（python,java,go）",北京,2018-04-13 23:00:52,28.0,364749,融汇,北京融邦汇聚科技有限公司,15-50人,朝阳区,本科,A轮,移动互联网,116.517303,40.039379,全职,3-5年,"['""""']"
1585,4380766,高级Python工程师（爬虫、自动化方向）,北京,2018-04-08 12:00:11,14.0,93808,汇游,北京汇游科技有限公司,15-50人,朝阳区,本科,不需要融资,"移动互联网,旅游",116.416791,40.03133,全职,3-5年,"['技能培训', '带薪年假', '绩效奖金', '年度旅游']"
1586,4380151,python讲师（爬虫、数据分析方向）,北京,2018-04-08 11:14:56,21.0,100164,千锋教育,北京千锋互联科技有限公司,500-2000人,海淀区,本科,A轮,移动互联网,116.370571,40.037093,全职,3-5年,"['节日礼物', '专项奖金', '股票期权', '带薪年假']"
1587,4220251,Python爬虫工程师（10-20k）,深圳,2018-04-08 16:35:43,14.0,64077,华海乐盈,深圳华海乐盈网络科技集团有限公司,500-2000人,南山区,本科,不需要融资,移动互联网,113.94672,22.54406,全职,1-3年,"['节日礼物', '专项奖金', '带薪年假', '岗位晋升']"
1588,4329674,python爬虫工程师,广州,2018-04-23 14:48:30,7.6,179985,诺涵,广州诺涵信息科技有限公司,15-50人,天河区,大专,未融资,移动互联网,113.354265,23.1677,全职,1-3年,[]
1589,4186412,物联网服务器开发（Python/Php）,北京,2018-04-11 22:48:57,24.0,175557,便利蜂,便利蜂商贸有限公司,2000人以上,朝阳区,本科,不需要融资,"移动互联网,生活服务",,,全职,3-5年,"['弹性工作', '美女多', '帅哥多', '领导好']"
1590,4398132,python数据爬虫工程师,深圳,2018-04-17 10:10:36,9.6,315649,可链科技,深圳可链科技有限公司,50-150人,南山区,本科,A轮,"移动互联网,数据服务",113.937694,22.524488,全职,3-5年,"['""""']"
1591,4005838,python数据爬虫工程师,深圳,2018-05-02 16:45:20,17.0,204927,sosobtc,深圳可点科技有限公司,50-150人,南山区,本科,A轮,"移动互联网,金融",113.938726,22.524626,全职,1-3年,"['带薪年假', '股票期权', '定期出游']"
1592,3259238,Python测试工程师（自动化）,北京,2018-05-02 17:39:53,19.0,24523,哗啦啦,北京多来点信息技术有限公司,500-2000人,西城区,本科,不需要融资,"移动互联网,O2O",116.35276,39.94140907,全职,1-3年,"['技能培训', '岗位晋升', '领导好', '带薪年假']"
1593,2987808,Python Web 爬虫工程师,广州,2018-05-02 09:41:12,12.0,65769,龙骐贸易,广州龙骐贸易有限公司,15-50人,白云区,不限,不需要融资,电子商务,113.277136,23.212011,全职,应届毕业生,"['技能培训', '年底双薪', '岗位晋升', '扁平管理']"
1594,3880516,中高级开发（java/python/nodejs）,北京,2018-04-20 12:08:15,26.0,3786,宜信,普信恒业科技发展（北京）有限公司,2000人以上,朝阳区,本科,上市公司,金融,116.477348,39.913265,全职,3-5年,"['管理规范', '技能培训', '扁平管理', '弹性工作']"
1595,4396219,python爬虫,北京,2018-04-10 14:33:30,1.4,55536,中科院计算所,中国科学院计算技术研究所,50-150人,海淀区,本科,不需要融资,数据服务,116.32493,39.98299,实习,不限,"['绩效奖金', '五险一金', '带薪年假', '定期体检']"
1596,3506729,Python开发工程师(大数据营销方向),成都,2018-04-13 09:51:24,11.2,95171,优啦金服,上海优啦金融信息服务有限公司,50-150人,高新区,大专,天使轮,"移动互联网,金融",104.054756,30.586658,全职,1-3年,"['技能培训', '节日礼物', '年底双薪', '带薪年假']"
1597,4107109,Java／Python高级开发职责描述（爬虫方向）,上海,2018-05-03 09:19:59,20.2,1373,喜马拉雅,上海证大喜马拉雅网络科技有限公司,500-2000人,浦东新区,本科,D轮及以上,"移动互联网,文化娱乐",121.595067,31.204314,全职,3-5年,"['年底双薪', '股票期权', '带薪年假', '绩效奖金']"
1598,4364525,C++/Python/QT软件工程师,深圳,2018-05-02 11:27:56,16.8,289076,深圳思力科,思力科（深圳）电子科技有限公司,50-150人,南山区,本科,不需要融资,"数据服务,硬件",113.952696,22.530438,全职,3-5年,"['年底双薪', '专项奖金', '股票期权', '带薪年假']"
1599,4341978,Python高级爬虫工程师,北京,2018-04-07 14:33:51,22.4,308027,块易,北京块易科技有限公司,15-50人,朝阳区,本科,天使轮,"移动互联网,数据服务",116.429604,39.981476,全职,3-5年,"['年底双薪', '带薪年假', '股票期权', '专项奖金']"
1600,4025322,后端开发兼职（php、java、python）,北京,2018-05-02 22:53:15,21.0,169947,北京全科科技,北京全科科技有限责任公司,15-50人,海淀区,不限,未融资,移动互联网,116.349533,39.974358,兼职,不限,[]
1601,4265426,python爬虫实习生,北京,2018-04-11 14:59:37,2.8,76104,锋创,锋创科技发展（北京）有限公司,50-150人,海淀区,本科,不需要融资,"企业服务,其他",116.285175,40.044846,实习,应届毕业生,"['节日礼物', '带薪年假', '美女帅哥多', '绩效奖金']"
1602,4229524,服务端开发实习生(java/python/golang)-短视频方向,上海,2018-04-24 20:12:16,5.6,62,字节跳动,北京字节跳动科技有限公司,2000人以上,黄浦区,本科,C轮,"移动互联网,数据服务",31.203365,31.203365,实习,不限,"['扁平管理', '弹性工作', '大厨定制三餐', '就近租房补贴']"
1603,4068200,UI程序员（Python/C++）,上海,2018-04-27 18:28:43,17.0,289463,Wargaming,上海臻战电子科技有限公司,15-50人,黄浦区,大专,不需要融资,"移动互联网,游戏",121.484443,31.231763,全职,3-5年,"['带薪年假', '绩效奖金', '定期体检', '弹性工作']"
1604,3951925,后端开发（JAVA，C#，Python）,成都,2018-05-02 10:40:47,12.6,67300,ThoughtWorks,思特沃克软件技术（成都）有限公司,2000人以上,武侯区,不限,不需要融资,企业服务,104.05558,30.53895,全职,不限,"['技能培训', '节日礼物', '带薪年假', '全球化视野']"
1605,4254612,后端开发实习生（Java/Golang/Python）-短视频方向,上海,2018-04-24 20:12:34,5.6,62,字节跳动,北京字节跳动科技有限公司,2000人以上,黄浦区,本科,C轮,"移动互联网,数据服务",31.203365,31.203365,实习,不限,"['扁平管理', '弹性工作', '大厨定制三餐', '就近租房补贴']"
1606,3968308,量化开发工程师（Java/C++/Python方向,北京,2018-05-02 08:48:06,24.0,234847,明睿资本,明睿（北京）资本管理有限公司,少于15人,西城区,本科,不需要融资,金融,116.354718,39.92276,全职,1-3年,[]
1607,3562496,软件开发实习生（Java、Python）,广州,2018-04-26 09:07:47,2.4,88390,CNICG,广州中国科学院计算机网络信息中心,50-150人,南沙区,本科,不需要融资,移动互联网,113.610934,22.748602,实习,不限,"['扁平管理', '定期体检', '五险一金']"
1608,3848093,python自动化测试,西安,2018-04-14 17:58:23,11.2,149331,麻花网络,西安麻花网络技术有限公司,150-500人,高新技术产业开发区,本科,不需要融资,"移动互联网,社交网络",108.840656,34.209171,全职,不限,[]
1609,3914409,"后台开发工程师（C++,PYTHON,GO）",深圳,2018-05-03 08:52:35,12.0,119456,云之梦科技,深圳市云之梦科技有限公司,50-150人,南山区,大专,A轮,"移动互联网,O2O",113.993578,22.99368,全职,1-3年,"['年底双薪', '绩效奖金', '交通补助', '带薪年假']"
1610,3983406,C PHP Python node.js实习生新手,长沙,2018-05-03 09:21:03,2.8,306856,兜乐科技,福州兜乐网络科技有限公司,50-150人,芙蓉区,大专,不需要融资,"移动互联网,游戏",113.004275,28.194685,实习,不限,"['""""']"
1611,3137638,量化工程师（Java/C++/Python）,北京,2018-04-10 16:09:18,21.0,141587,掌上金服,掌上金服（天津）网络科技有限公司,15-50人,东城区,本科,A轮,"移动互联网,金融",116.421352,39.948923,全职,1-3年,[]
1612,4151825,Python爬虫工程师(Selenium方向),上海,2018-04-27 10:23:36,14.0,244460,别样app,上海别样秀数据科技有限公司,50-150人,浦东新区,本科,B轮,"移动互联网,电子商务",121.582223,31.199324,全职,不限,"['节日礼物', '帅哥多', '美女多', '领导好']"
1613,4381107,Go/Python/Java/C/C++资深工程师,南京,2018-05-02 10:37:30,19.0,8378,趋势科技,趋势科技(中国)有限公司,2000人以上,雨花台区,本科,上市公司,企业服务,118.817221,31.964,全职,5-10年,"['节日礼物', '技能培训', '绩效奖金', '年度旅游']"
1614,4068813,爬虫实习生（java/Python）,北京,2018-04-03 11:05:36,3.8,3786,宜信,普信恒业科技发展（北京）有限公司,2000人以上,朝阳区,本科,上市公司,金融,0.0,0.0,实习,应届毕业生,"['管理规范', '技能培训', '扁平管理', '弹性工作']"
1615,4410374,后端开发实习生（PHP、PYTHON后端）,广州,2018-04-12 13:15:17,2.8,149633,GANcube,广州市淦源文化传播有限公司,15-50人,番禺区,本科,不需要融资,"文化娱乐,其他",113.372677,23.043938,实习,应届毕业生,"['带薪年假', '节日礼物', '扁平管理', '领导好']"
1616,4266448,Python数据采集网络爬虫工程师,深圳,2018-05-02 13:53:17,10.8,217020,凯利讯,深圳市凯利讯科技有限公司,15-50人,福田区,本科,未融资,电子商务,114.082005,22.542374,全职,3-5年,[]
1617,4399248,C# Python 爬虫工程师,西安,2018-04-10 18:35:22,6.8,336604,山东思索软件科技,山东思索软件科技有限公司西安分公司,150-500人,碑林区,本科,上市公司,"移动互联网,电子商务",109.002609,34.247837,全职,3-5年,"['""""']"
1618,4309015,Web全栈开发（JS/Python),上海,2018-04-24 10:56:58,10.8,286559,瞬联软件,瞬联软件科技（北京）有限公司上海分公司,500-2000人,浦东新区,本科,不需要融资,"移动互联网,其他",121.598177,31.204668,全职,应届毕业生,"['带薪年假', '定期体检', '弹性工作', '五险一金']"
1619,3118311,软件测试工程师（C++、java、python）,北京,2018-05-02 10:30:20,14.0,356,捷通华声,北京捷通华声科技股份有限公司,150-500人,海淀区,本科,不需要融资,"移动互联网,数据服务",116.29632768,40.05177651,全职,1-3年,"['股票期权', '半年调薪', '绩效奖金多', '晋升空间大']"
1620,4340401,后端开发架构师（PHP、PYTHON）,广州,2018-04-10 15:19:58,2.4,352249,抄哪儿,广州潮钠信息科技有限公司,少于15人,番禺区,本科,不需要融资,"移动互联网,电子商务",113.372124,23.039109,实习,应届毕业生,"['""""']"
1621,4124609,软件开发（C++/Python/Java）,北京,2018-04-07 15:08:33,28.0,234728,量子金服,北京量子金服网络科技有限公司,50-150人,朝阳区,本科,B轮,"金融,数据服务",116.462476,39.928154,全职,不限,"['量化交易平台', '六险一金', '年终双薪', '技术大咖']"
1622,1995199,技术类（后台Java/PHP/Python+前端+iOS/Android）,北京,2018-04-26 16:50:49,28.0,84697,清流资本,清流（北京）投资咨询有限公司,少于15人,朝阳区,本科,不需要融资,"移动互联网,金融",116.479717,39.99502406,全职,3-5年,"['节日礼物', '股票期权', '发展空间好', '扁平管理']"
1623,4326543,python-爬虫,北京,2018-05-02 10:06:49,21.0,172285,猎户星空,北京猎户星空科技有限公司,150-500人,朝阳区,本科,A轮,"移动互联网,硬件",116.458741,39.932851,全职,1-3年,"['年度旅游', '弹性工作', '领导好', '五险一金']"
1624,4310645,资深Python-小米音乐,北京,2018-05-02 10:41:26,31.0,520,小米,北京小米科技有限责任公司,2000人以上,海淀区,本科,D轮及以上,移动互联网,116.328617,40.045934,全职,5-10年,"['快速成长', '免费班车', '扁平管理', '技能培训']"
1625,4497673,Python,北京,2018-05-02 14:23:48,21.0,102022,江山如画网络科技,北京江山如画网路科技有限责任公司,少于15人,海淀区,本科,天使轮,"移动互联网,社交网络",116.260539,39.90695,全职,3-5年,"['专项奖金', '股票期权', '绩效奖金', '岗位晋升']"
1626,2600411,Linux C++/Python中高级研发工程师,北京,2018-05-03 09:30:09,29.0,7902,好巧,北京好巧国际旅行社有限公司,150-500人,朝阳区,本科,B轮,数据服务,116.406849,39.973642,全职,3-5年,"['五险一金', '弹性工作', '扁平管理', '百万医疗']"
1627,2735716,高级Python工程师,武汉,2018-05-02 11:15:33,11.2,111175,ZingFront智线,智线云科技（北京）有限公司,50-150人,洪山区,本科,A轮,"移动互联网,数据服务",0.0,0.0,全职,3-5年,"['绩效奖金', '股票期权', '带薪年假', '弹性工作']"
1628,1697825,python工程师,北京,2018-04-10 09:02:01,19.0,53137,家园网,家园网络科技有限公司,2000人以上,东城区,本科,不需要融资,O2O,116.447559,39.89220106,全职,3-5年,"['节日礼物', '带薪年假', '绩效奖金', '管理规范']"
1629,1937454,Python 中级工程师,廊坊,2018-05-02 11:15:34,10.8,111175,ZingFront智线,智线云科技（北京）有限公司,50-150人,广阳区,本科,A轮,"移动互联网,数据服务",116.71504961,39.55349011,全职,1-3年,"['绩效奖金', '股票期权', '带薪年假', '弹性工作']"
1630,1407389,Python 中级工程师,北京,2018-05-02 11:15:34,15.0,111175,ZingFront智线,智线云科技（北京）有限公司,50-150人,朝阳区,本科,A轮,"移动互联网,数据服务",116.472483,39.93868,全职,1-3年,"['绩效奖金', '股票期权', '带薪年假', '弹性工作']"
1631,2600432,Linux C++/Python高级研发工程师,北京,2018-05-03 09:30:09,29.0,7902,好巧,北京好巧国际旅行社有限公司,150-500人,朝阳区,大专,B轮,数据服务,116.406849,39.973642,全职,5-10年,"['五险一金', '弹性工作', '扁平管理', '百万医疗']"
1632,1481997,Python 中级工程师,武汉,2018-05-02 11:15:33,12.0,111175,ZingFront智线,智线云科技（北京）有限公司,50-150人,洪山区,本科,A轮,"移动互联网,数据服务",114.417855,30.500538,全职,3-5年,"['绩效奖金', '股票期权', '带薪年假', '弹性工作']"
1633,4475426,Python应届毕业生,无锡,2018-05-02 16:41:49,4.8,233304,燃网络,南京网燃网络科技有限公司,少于15人,崇安区,大专,未融资,"移动互联网,游戏",120.307543,31.571228,全职,1年以下,[]
1634,4360240,python开发工程师助理可应届,无锡,2018-05-02 16:41:48,4.8,233304,燃网络,南京网燃网络科技有限公司,少于15人,崇安区,大专,未融资,"移动互联网,游戏",120.307543,31.571228,全职,1年以下,[]
1635,4391864,（双休）python软件开发/python初级工程,苏州,2018-05-01 16:42:22,4.8,233304,燃网络,南京网燃网络科技有限公司,少于15人,姑苏区,大专,未融资,"移动互联网,游戏",120.59949,31.308689,全职,不限,[]
1636,3265286,中级python工程师,北京,2018-04-10 09:02:00,19.0,53137,家园网,家园网络科技有限公司,2000人以上,东城区,本科,不需要融资,O2O,115.99339,39.99426,全职,3-5年,"['节日礼物', '带薪年假', '绩效奖金', '管理规范']"
1637,1721055,中级python工程师,北京,2018-04-10 09:02:00,19.0,53137,家园网,家园网络科技有限公司,2000人以上,东城区,本科,不需要融资,O2O,0.0,0.0,全职,3-5年,"['节日礼物', '带薪年假', '绩效奖金', '管理规范']"
1638,4497542,Python后端开发,北京,2018-05-02 14:23:48,14.0,102022,江山如画网络科技,北京江山如画网路科技有限责任公司,少于15人,海淀区,本科,天使轮,"移动互联网,社交网络",116.260539,39.90695,全职,1-3年,"['专项奖金', '股票期权', '绩效奖金', '岗位晋升']"
1639,3058464,高级python工程师,北京,2018-04-10 09:02:00,24.0,53137,家园网,家园网络科技有限公司,2000人以上,东城区,本科,不需要融资,O2O,115.99339,39.99426,全职,5-10年,"['节日礼物', '带薪年假', '绩效奖金', '管理规范']"
1640,3032476,高级python工程师,北京,2018-04-10 09:02:00,22.8,53137,家园网,家园网络科技有限公司,2000人以上,东城区,本科,不需要融资,O2O,115.99339,39.99426,全职,5-10年,"['节日礼物', '带薪年假', '绩效奖金', '管理规范']"
1641,3006136,高级python工程师,北京,2018-04-10 09:02:01,22.8,53137,家园网,家园网络科技有限公司,2000人以上,东城区,本科,不需要融资,O2O,115.99339,39.99426,全职,5-10年,"['节日礼物', '带薪年假', '绩效奖金', '管理规范']"
1642,4497510,python后端开发工程师,北京,2018-05-02 14:23:47,13.2,102022,江山如画网络科技,北京江山如画网路科技有限责任公司,少于15人,海淀区,本科,天使轮,"移动互联网,社交网络",116.260539,39.90695,全职,1-3年,"['专项奖金', '股票期权', '绩效奖金', '岗位晋升']"
1643,4397384,python开发程序员可学徒,无锡,2018-05-02 09:47:49,4.8,233304,燃网络,南京网燃网络科技有限公司,少于15人,崇安区,大专,未融资,"移动互联网,游戏",120.307543,31.571228,全职,1年以下,[]
1644,3015994,高级python工程师,北京,2018-04-10 09:02:00,24.0,53137,家园网,家园网络科技有限公司,2000人以上,东城区,本科,不需要融资,O2O,115.99339,39.99426,全职,5-10年,"['节日礼物', '带薪年假', '绩效奖金', '管理规范']"
1645,3011275,高级python工程师,北京,2018-04-10 09:02:00,24.0,53137,家园网,家园网络科技有限公司,2000人以上,东城区,大专,不需要融资,O2O,115.99339,39.99426,全职,5-10年,"['节日礼物', '带薪年假', '绩效奖金', '管理规范']"
1646,4497483,Python后端工程师,北京,2018-05-02 14:23:48,19.0,102022,江山如画网络科技,北京江山如画网路科技有限责任公司,少于15人,海淀区,本科,天使轮,"移动互联网,社交网络",116.260539,39.90695,全职,3-5年,"['专项奖金', '股票期权', '绩效奖金', '岗位晋升']"
1647,3237096,高级开发工程师-Python/Java/Go,杭州,2018-05-02 18:24:37,33.0,534,京东金融,京东金融,2000人以上,拱墅区,本科,上市公司,金融,120.10414965,30.33218105,全职,5-10年,"['供应链金融', '消费金融', '众筹业务', '支付业务']"
1648,4475275,【实习生】Python开发,无锡,2018-05-02 16:41:48,4.8,233304,燃网络,南京网燃网络科技有限公司,少于15人,崇安区,大专,未融资,"移动互联网,游戏",120.307543,31.571228,全职,1年以下,[]
1649,4497649,Python后端研发,北京,2018-05-02 14:23:47,19.0,102022,江山如画网络科技,北京江山如画网路科技有限责任公司,少于15人,海淀区,本科,天使轮,"移动互联网,社交网络",116.260539,39.90695,全职,3-5年,"['专项奖金', '股票期权', '绩效奖金', '岗位晋升']"
1650,4049419,高级/资深Python开发工程师（Web方向）,杭州,2018-05-02 10:13:25,24.0,42868,Club Factory,杭州嘉云数据科技有限公司,150-500人,西湖区,本科,C轮,"电子商务,移动互联网",120.124444,30.277356,全职,3-5年,"['海量大数据', '世界级产品', 'AI', '智能供应链']"
1651,4080701,python软件开发助理,无锡,2018-05-02 16:41:48,4.2,233304,燃网络,南京网燃网络科技有限公司,少于15人,崇安区,大专,未融资,"移动互联网,游戏",120.307543,31.571228,全职,1年以下,[]
1652,4479493,Python开发学徒+人工智能开发助理,无锡,2018-05-02 16:41:47,4.8,233304,燃网络,南京网燃网络科技有限公司,少于15人,崇安区,大专,未融资,"移动互联网,游戏",120.307543,31.571228,全职,1年以下,[]
1653,4487137,python开发工程师后端学徒,无锡,2018-05-02 16:41:49,4.8,233304,燃网络,南京网燃网络科技有限公司,少于15人,崇安区,大专,未融资,"移动互联网,游戏",120.307543,31.571228,全职,1年以下,[]
1654,4497442,Python后端,北京,2018-05-02 14:23:48,14.0,102022,江山如画网络科技,北京江山如画网路科技有限责任公司,少于15人,海淀区,本科,天使轮,"移动互联网,社交网络",116.260539,39.90695,全职,1-3年,"['专项奖金', '股票期权', '绩效奖金', '岗位晋升']"
1655,3610087,python实习生,北京,2018-05-02 13:57:32,3.8,109317,灵犀联云,北京灵犀联云科技有限公司,50-150人,朝阳区,本科,B轮,"企业服务,数据服务",116.474678,40.019216,实习,应届毕业生,"['BAT大牛', '大数据', 'A轮空间大', '知识分享']"
1656,2785271,高级Python后端研发工程师,北京,2018-05-01 21:34:32,21.0,109317,灵犀联云,北京灵犀联云科技有限公司,50-150人,朝阳区,本科,B轮,"企业服务,数据服务",116.474678,40.019216,全职,3-5年,"['BAT大牛', '大数据', 'A轮空间大', '知识分享']"
1657,2816711,高级Python后端研发工程师:,北京,2018-05-01 21:34:07,21.0,109317,灵犀联云,北京灵犀联云科技有限公司,50-150人,朝阳区,本科,B轮,"企业服务,数据服务",116.46601,40.020841,全职,3-5年,"['BAT大牛', '大数据', 'A轮空间大', '知识分享']"
1658,3479166,Python专家,北京,2018-05-01 21:34:03,28.0,109317,灵犀联云,北京灵犀联云科技有限公司,50-150人,朝阳区,本科,B轮,"企业服务,数据服务",116.474678,40.019216,全职,5-10年,"['BAT大牛', '大数据', 'A轮空间大', '知识分享']"
1659,4497602,Python后端,北京,2018-05-02 14:23:47,19.0,102022,江山如画网络科技,北京江山如画网路科技有限责任公司,少于15人,海淀区,本科,天使轮,"移动互联网,社交网络",116.260539,39.90695,全职,3-5年,"['专项奖金', '股票期权', '绩效奖金', '岗位晋升']"
1660,1749637,中级python工程师,北京,2018-04-10 09:02:01,19.0,53137,家园网,家园网络科技有限公司,2000人以上,东城区,本科,不需要融资,O2O,116.35427724,39.92427418,全职,3-5年,"['节日礼物', '带薪年假', '绩效奖金', '管理规范']"
1661,2743350,python后端开发工程师,北京,2018-05-03 00:14:28,28.0,36031,一起科技,上海一起作业信息科技有限公司,500-2000人,朝阳区,本科,D轮及以上,"移动互联网,教育",115.99339,39.99426,全职,1-3年,"['节日礼物', '岗位晋升', '扁平管理', '领导好']"
1662,2641325,高级python服务端开发工程师,北京,2018-05-01 21:34:43,21.0,109317,灵犀联云,北京灵犀联云科技有限公司,50-150人,朝阳区,本科,B轮,"企业服务,数据服务",116.474678,40.019216,全职,1-3年,"['BAT大牛', '大数据', 'A轮空间大', '知识分享']"
1663,4089385,高级Python后端工程师,北京,2018-04-26 14:35:04,35.0,1561,Face++,北京旷视科技有限公司,500-2000人,海淀区,本科,C轮,"移动互联网,硬件",116.326186,39.984038,全职,3-5年,"['科技大牛公司', '自助三餐', '年终多薪', '超长带薪假期']"
1664,2311095,高级python服务端开发工程师,北京,2018-05-01 21:34:46,21.0,109317,灵犀联云,北京灵犀联云科技有限公司,50-150人,朝阳区,本科,B轮,"企业服务,数据服务",116.46600966,40.02084053,全职,1-3年,"['BAT大牛', '大数据', 'A轮空间大', '知识分享']"
1665,2684248,高级Python后端研发工程师,北京,2018-05-01 21:36:12,21.0,109317,灵犀联云,北京灵犀联云科技有限公司,50-150人,朝阳区,本科,B轮,"企业服务,数据服务",116.46601,40.020841,全职,1-3年,"['BAT大牛', '大数据', 'A轮空间大', '知识分享']"
1666,2401505,UMCloud-Python后端工程师,上海,2018-04-25 11:53:05,14.0,165,UCloud,上海优刻得信息科技有限公司,500-2000人,杨浦区,本科,D轮及以上,"数据服务,企业服务",121.54199965,31.27615941,全职,1-3年,"['节日礼物', '技能培训', '股权激励计划', '代码改变世界']"
1667,2541032,python服务端开发工程师,北京,2018-05-01 21:35:03,21.0,109317,灵犀联云,北京灵犀联云科技有限公司,50-150人,朝阳区,本科,B轮,"企业服务,数据服务",116.46601,40.020841,全职,1-3年,"['BAT大牛', '大数据', 'A轮空间大', '知识分享']"
1668,4475530,算法开发实习生（Python方向）,无锡,2018-05-02 16:41:47,4.8,233304,燃网络,南京网燃网络科技有限公司,少于15人,崇安区,大专,未融资,"移动互联网,游戏",120.307543,31.571228,全职,1年以下,[]
1669,4103488,高级Python后台开发人员,北京,2018-05-02 09:55:40,27.0,174043,颉一软件,广州杰颉软件科技有限公司,15-50人,朝阳区,本科,A轮,"信息安全,数据服务",0.0,0.0,全职,5-10年,"['股票期权', '绩效奖金', '带薪年假', '弹性工作']"
1670,2401519,UMCloud-Python后端工程师（北京）,北京,2018-04-25 11:53:06,14.0,165,UCloud,上海优刻得信息科技有限公司,500-2000人,海淀区,本科,D轮及以上,"数据服务,企业服务",116.310136,39.983619,全职,1-3年,"['节日礼物', '技能培训', '股权激励计划', '代码改变世界']"
1671,2401536,UMCloud-校招-Python后端工程师,上海,2018-04-25 11:53:06,14.0,165,UCloud,上海优刻得信息科技有限公司,500-2000人,杨浦区,本科,D轮及以上,"数据服务,企业服务",121.54199965,31.27615941,全职,应届毕业生,"['节日礼物', '技能培训', '股权激励计划', '代码改变世界']"
1672,2401550,UMCloud-校招-Python后端工程师（北京）,北京,2018-04-25 11:53:05,14.0,165,UCloud,上海优刻得信息科技有限公司,500-2000人,海淀区,本科,D轮及以上,"数据服务,企业服务",116.310136,39.983619,全职,应届毕业生,"['节日礼物', '技能培训', '股权激励计划', '代码改变世界']"
1673,3978129,Python开发工程师(风控方向),北京,2018-04-27 10:57:50,25.2,129,陌陌,北京陌陌科技有限公司,500-2000人,朝阳区,本科,上市公司,社交网络,115.99339,39.99426,全职,1-3年,"['岗位晋升', '帅哥多', '管理规范', '技能培训']"
1674,4044956,Python开发工程师(数据分析平台开发方向）,北京,2018-04-27 10:57:52,28.0,129,陌陌,北京陌陌科技有限公司,500-2000人,朝阳区,本科,上市公司,社交网络,115.99339,39.99426,全职,1年以下,"['岗位晋升', '帅哥多', '管理规范', '技能培训']"
1675,4255743,Python开发实习生,北京,2018-05-02 14:29:51,6.2,78224,码隆科技,深圳码隆科技有限公司,50-150人,海淀区,本科,B轮,移动互联网,116.306337,39.981802,实习,不限,"['技术大牛集聚', '扁平管理', '五险一金', '领导好']"
1676,3495661,高级python开发（微服务中间件）,北京,2018-05-02 10:01:50,21.0,51480,饿了么,拉扎斯网络科技（上海）有限公司,2000人以上,朝阳区,本科,D轮及以上,移动互联网,116.480025,39.987045,全职,1-3年,"['节日礼物', '绩效奖金', '年度旅游', '岗位晋升']"
1677,4323721,python爬虫工程师,深圳,2018-05-03 09:20:11,7.0,65521,泽林信息,深圳市泽林信息咨询有限公司,500-2000人,南山区,大专,不需要融资,教育,113.953534,22.542215,全职,1-3年,"['节日礼物', '技能培训', '绩效奖金', '年度旅游']"
1678,2953678,高级python Web后端研发工程师,北京,2018-05-01 21:34:05,21.0,109317,灵犀联云,北京灵犀联云科技有限公司,50-150人,朝阳区,本科,B轮,"企业服务,数据服务",116.474678,40.019216,全职,1-3年,"['BAT大牛', '大数据', 'A轮空间大', '知识分享']"
1679,3978119,python开发工程师(数据挖掘方向),北京,2018-04-27 10:57:51,25.2,129,陌陌,北京陌陌科技有限公司,500-2000人,朝阳区,本科,上市公司,社交网络,115.99339,39.99426,全职,1-3年,"['岗位晋升', '帅哥多', '管理规范', '技能培训']"
1680,3405667,高级Python后端架构师,北京,2018-05-01 21:34:09,21.0,109317,灵犀联云,北京灵犀联云科技有限公司,50-150人,朝阳区,本科,B轮,"企业服务,数据服务",116.474678,40.019216,全职,3-5年,"['BAT大牛', '大数据', 'A轮空间大', '知识分享']"
1681,3455096,Python实习生,北京,2018-05-02 10:01:49,5.6,51480,饿了么,拉扎斯网络科技（上海）有限公司,2000人以上,朝阳区,本科,D轮及以上,移动互联网,116.480025,39.987045,实习,不限,"['节日礼物', '绩效奖金', '年度旅游', '岗位晋升']"
1682,4328028,python开发工程师(数据挖掘方向),北京,2018-04-27 10:57:51,28.0,129,陌陌,北京陌陌科技有限公司,500-2000人,朝阳区,不限,上市公司,社交网络,115.99339,39.99426,全职,1-3年,"['岗位晋升', '帅哥多', '管理规范', '技能培训']"
1683,2779439,Python开发工程师（全栈）,上海,2018-05-02 10:01:50,19.0,51480,饿了么,拉扎斯网络科技（上海）有限公司,2000人以上,普陀区,不限,D轮及以上,移动互联网,121.38240794,31.23317234,全职,1-3年,"['节日礼物', '绩效奖金', '年度旅游', '岗位晋升']"
1684,2401594,UMCloud-校招-Python QA工程师,上海,2018-04-25 11:53:06,14.0,165,UCloud,上海优刻得信息科技有限公司,500-2000人,杨浦区,本科,D轮及以上,"数据服务,企业服务",121.54199965,31.27615941,实习,1-3年,"['节日礼物', '技能培训', '股权激励计划', '代码改变世界']"
1685,2401579,UMCloud-Python QA工程师（北京）,北京,2018-04-25 11:53:05,14.0,165,UCloud,上海优刻得信息科技有限公司,500-2000人,海淀区,本科,D轮及以上,"数据服务,企业服务",116.310136,39.983619,全职,1-3年,"['节日礼物', '技能培训', '股权激励计划', '代码改变世界']"
1686,4475346,物联网安全分析Python实习生,无锡,2018-05-02 16:41:46,4.8,233304,燃网络,南京网燃网络科技有限公司,少于15人,崇安区,大专,未融资,"移动互联网,游戏",120.307543,31.571228,全职,1年以下,[]
1687,2401604,UMCloud-校招-Python QA工程师（北京）,北京,2018-04-25 11:53:05,14.0,165,UCloud,上海优刻得信息科技有限公司,500-2000人,海淀区,本科,D轮及以上,"数据服务,企业服务",116.310136,39.983619,实习,1-3年,"['节日礼物', '技能培训', '股权激励计划', '代码改变世界']"
1688,4475562,爬虫实习生（java/Python）,无锡,2018-05-02 16:41:47,4.8,233304,燃网络,南京网燃网络科技有限公司,少于15人,崇安区,大专,未融资,"移动互联网,游戏",120.307543,31.571228,全职,1年以下,[]
